 2147483647 -1 -1 2147483647 -2147483136 -2147483648 2 2147483553 2147483645 0 1 0
 2147483647 -1 -1 2147483647 -2147483136 -2147483648 2 2147483616 -2147483579 0 1 0
 2147483647 -1 -1 2147483647 -2147483136 -2147483648 3 2147483628 2147483647 0 1 -1
 2147483647 -1 -1 2147483647 -2147483136 -2147483648 1 -1071643876 2147483647 0 1 0
 2147483647 -1 -1 2147483647 -2147483136 -2147483648 1 -1071643876 2147483647 0 1 -1
 811 -1 -1 -2147483648 -2147483136 2147483647 0 -2147483617 2147483647 0 1 0
 2147483647 -1 -1 -1812987912 -2147483136 1543503867 2 2147483596 641 0 1 0
 2147483647 -1 -1 -1073741826 -2147483136 2147483647 3 2147483554 -1048577 0 1 0
 16683 -1 -1 0 -2147483136 0 3 2147483550 -99 0 1 0
 811 -1 -1 -2147483648 -2147483136 2147483647 2 -8254564 2147483647 0 1 -1
 2147483647 -1 -1 -2147483648 -2147483136 2147483647 1 536805334 536805408 0 1 0
 2147483647 -1 -1 -2147483648 -2147483136 2147483647 2 1073741727 641 0 1 0
 2147483647 -1 -1 -2147483648 -2147483136 2147483647 2 2145386399 268436099 0 1 -1
 2147483647 -1 -1 -2147483648 -2147483136 2147483647 3 -7526 -7427 0 1 0
 2147483647 -1 -1 -2147483648 -2147483136 2147483647 3 -101 -1610613480 0 1 0
 2147483647 -1 -1 -2147483648 -2147483136 2147483647 1 2147483551 -2147483646 0 1 -1
 2147483647 -1 -1 1879048191 -2147483136 -1342177794 3 -1073741921 -1073741921 0 1 0
 2147483647 -1 -1 2078273467 -2147483136 -1164972134 3 2147483536 2147483545 0 1 0
 2147483647 -1 -1 2071986222 -2147483136 2071986222 3 -536871010 -536870911 0 1 0
 2147483647 -1 -1 2147483647 -2147483136 -2147483648 2 -101 -2147483648 0 1 0
 2147483647 -1 -1 2147483647 -2147483136 -2147483648 1 2147483547 -2147483648 0 1 -1
 2147483647 -1 -1 2147483647 -2147483136 -2147483648 2 2147483553 2147483645 0 -2 0
 2147483647 -1 -1 2147483647 -2147483136 -2147483648 1 2147483556 -2147483415 0 -2 0
 2147483647 -1 -1 2147483647 -2147483136 -2147483648 3 2147483628 2147483647 0 -2 -1
 2147483647 -1 -1 2147483647 -2147483136 -2147483648 1 -1071643876 2147483647 0 -2 0
 2147483647 -1 -1 2147483647 -2147483136 -2147483648 1 -1071643876 2147483647 0 -2 -1
 811 -1 -1 -2147483648 -2147483136 2147483647 0 -2147483617 2147483647 0 -2 0
 2147483647 -1 -1 -1845856266 -2147483136 1543438335 2 2147483608 641 0 -2 0
 2147483647 -1 -1 -1073741826 -2147483136 2147483647 3 2147483554 -524289 0 -2 0
 134218027 -1 -1 0 -2147483136 0 2 2147483599 -2147385330 0 -2 0
 268435755 -1 -1 1073741824 -2147483136 2147483647 2 -4194404 2147483647 0 -2 -1
 2147483647 -1 -1 -2147483648 -2147483136 2147483647 1 536870868 536870880 0 -2 0
 2147483647 -1 -1 -2147483648 -2147483136 2147483647 2 1073741727 33409 0 -2 0
 2147483647 -1 -1 -2147483648 -2147483136 2147483647 2 2147450783 268566530 0 -2 -1
 2147483647 -1 -1 -2147483648 -2147483136 2147483647 3 -6190 -6177 0 -2 0
 2147483647 -1 -1 -2147483648 -2147483136 2147483647 3 -101 -1610613480 0 -2 0
 2147483647 -1 -1 -2147483648 -2147483136 2147483647 0 -1073741921 -1610613478 0 -2 -1
 2147483647 -1 -1 -536871425 -2147483136 -1879048706 3 -1073741921 -1073741921 0 -2 0
 2147483647 -1 -1 2111827899 -2147483136 -1248858726 3 2147483545 2147483644 0 -2 0
 2147483647 -1 -1 0 -2147483136 0 3 -536871010 -536870911 0 -2 0
 2147483647 -1 -1 2147483647 -2147483136 -2147483648 1 -101 -2147483648 0 -2 0
 2147483647 -1 -1 2147483647 -2147483136 -2147483648 1 2147483547 -2147483648 0 -2 -1
 2147483647 -1 0 0 -2147483136 0 0 0 0 -1 1 0
 2147483647 -1 0 2147483647 -2147483136 -2147483648 2 2147483553 2147483645 -1 -2 0
 2147483647 -1 0 2147483647 -2147483136 -2147483648 3 2147483556 -2147483637 -1 -2 0
 2147483647 -1 0 2147483647 -2147483136 -2147483648 3 2147483628 2147483647 -1 -2 -1
 2147483647 -1 0 2147483647 -2147483136 -2147483648 1 -1071643876 2147483647 -1 -2 0
 2147483647 -1 0 2147483647 -2147483136 -2147483648 1 -536871012 2147483647 -1 -2 -1
 811 -1 0 -2147483648 -2147483136 2147483647 0 -2147483617 2147483647 -1 -2 0
 2147483647 -1 0 -1845510414 -2147483136 1543503863 2 2147483596 641 -1 -2 0
 2147483647 -1 0 -1073741826 -2147483136 2147483647 3 2147483554 -524289 -1 -2 0
 33067 -1 0 0 -2147483136 0 3 2147483574 149 -1 -2 0
 134218027 -1 0 -2147483648 -2147483136 2147483647 2 -8257636 2147483647 -1 -2 -1
 2147483647 -1 0 -2147483648 -2147483136 2147483647 1 1073741726 1073741824 -1 -2 0
 2147483647 -1 0 -2147483648 -2147483136 2147483647 2 1073741727 34433 -1 -2 0
 2147483647 -1 0 -2147483648 -2147483136 2147483647 2 2147450783 268435457 -1 -2 -1
 2147483647 -1 0 -2147483648 -2147483136 2147483647 3 -348330341 -348330242 -1 -2 0
 2147483647 -1 0 -2147483648 -2147483136 2147483647 3 -101 -1610613480 -1 -2 0
 2147483647 -1 0 -2147483648 -2147483136 2147483647 0 -1073741921 -1610613478 -1 -2 -1
 2147483647 -1 0 1610612223 -2147483136 -1946157570 3 -1073741921 -1073741921 -1 -2 0
 2147483647 -1 0 2044678075 -2147483136 -2002907238 0 2147483544 2147483611 -1 -2 0
 2147483647 -1 0 -1123483648 -2147483136 -1123483648 3 1610612638 1610612737 -1 -2 0
 2147483647 -1 0 2147483647 -2147483136 -2147483648 2 -101 -2147483648 -1 -2 0
 2147483647 -1 0 2147483647 -2147483136 -2147483648 1 2147483547 -2147483648 -1 -2 -1
 -2147483136 0 -1 0 2147483647 0 0 0 0 0 0 0
 0 0 0 0 0 0 0 0 0 0 0 0
 0 0 0 0 0 0 -4 0 0 0 0 0
