 2147483647 -1 -1 2147483647 -2147483136 -2147483648 1 1073742324 2147483647 0 1 0
 2147483647 -1 -1 2147483647 -2147483136 -2147483648 3 -2147467264 2147483647 0 1 0
 1073742123 -1 -1 -2147483648 512 2147483647 1 -2147483648 2147483647 0 1 0
 2147483647 -1 -1 -2147483648 -2147483136 2147483647 0 2147483647 1388331477 0 1 0
 2147483647 -1 -1 -2147483648 -2147483136 2147483647 0 2147483647 -1610613478 0 1 0
 2147483647 -1 -1 2147483647 -2147483136 -2147483648 2 2147483647 -2147483648 0 1 0
 2147483647 -1 -1 2147483647 -2147483136 -2147483648 0 1543504276 2147483647 0 1 -1
 2147483647 -1 -1 2147483647 -2147483136 -2147483648 0 -1073217636 2147483647 0 1 -1
 811 -1 -1 -2147483648 -2147483136 2147483647 2 -8254564 2147483647 0 1 -1
 2147483647 -1 -1 -2147483648 -2147483136 2147483647 0 1879048095 67109248 0 1 -1
 2147483647 -1 -1 -2147483648 -2147483136 2147483647 2 2147483543 -1610613478 0 1 -1
 2147483647 -1 -1 2147483647 -2147483136 -2147483648 1 2147483547 -2147483648 0 1 -1
 2147483647 -1 -1 2147483647 -2147483136 -2147483648 1 1073742324 2147483647 0 -2 0
 2147483647 -1 -1 2147483647 -2147483136 -2147483648 0 -2147483648 2147483647 0 -2 0
 1073742123 -1 -1 -2147483648 512 2147483647 1 -2147483648 2147483647 0 -2 0
 2147483647 -1 -1 -2147483648 -2147483136 2147483647 0 2147483647 209805781 0 -2 0
 2147483647 -1 -1 -2147483648 -2147483136 2147483647 0 2147483647 -1610613478 0 -2 0
 2147483647 -1 -1 2147483647 -2147483136 -2147483648 2 2147483647 -2147483648 0 -2 0
 2147483647 -1 -1 2147483647 -2147483136 -2147483648 0 536871316 2147483647 0 -2 -1
 2147483647 -1 -1 2147483647 -2147483136 -2147483648 0 -1073217636 2147483647 0 -2 -1
 268435755 -1 -1 1073741824 -2147483136 2147483647 2 -4194404 2147483647 0 -2 -1
 2147483647 -1 -1 -2147483648 -2147483136 2147483647 0 1879048095 67109248 0 -2 -1
 2147483647 -1 -1 -2147483648 -2147483136 2147483647 3 2147483543 -1610613478 0 -2 -1
 2147483647 -1 -1 2147483647 -2147483136 -2147483648 1 2147483547 -2147483648 0 -2 -1
 2147483647 -1 0 0 -2147483136 0 0 0 0 -1 1 0
 2147483647 -1 0 2147483647 -2147483136 -2147483648 1 1073742324 2147483647 -1 -2 0
 2147483647 -1 0 2147483647 -2147483136 -2147483648 0 -2147483648 2147483647 -1 -2 0
 1073742123 -1 0 -2147483648 512 2147483647 1 -2147483648 2147483647 -1 -2 0
 2147483647 -1 0 -2147483648 -2147483136 2147483647 0 2147483647 272642517 -1 -2 0
 2147483647 -1 0 -2147483648 -2147483136 2147483647 0 2147483647 -1610613478 -1 -2 0
 2147483647 -1 0 2147483647 -2147483136 -2147483648 2 2147483647 -2147483648 -1 -2 0
 2147483647 -1 0 2147483647 -2147483136 -2147483648 0 536871316 2147483647 -1 -2 -1
 2147483647 -1 0 2147483647 -2147483136 -2147483648 0 -1073217636 2147483647 -1 -2 -1
 134218027 -1 0 -2147483648 -2147483136 2147483647 2 -8257636 2147483647 -1 -2 -1
 2147483647 -1 0 -2147483648 -2147483136 2147483647 0 1073741727 134218112 -1 -2 -1
 2147483647 -1 0 -2147483648 -2147483136 2147483647 3 2147483543 -1610613478 -1 -2 -1
 2147483647 -1 0 2147483647 -2147483136 -2147483648 1 2147483547 -2147483648 -1 -2 -1
 -2147483136 0 -1 0 2147483647 0 0 0 0 0 0 0
 0 0 0 0 0 0 0 0 0 0 0 0
 0 0 0 0 0 0 -4 0 0 0 0 0
