 2147483647 -1 -1 2147483647 -2147483136 -2147483648 2 1073742472 2147483647 0 1 0
 2147483647 -1 -1 2147483647 -2147483136 -2147483648 3 -2147475456 2147483647 0 1 0
 1073742123 -1 -1 -2147483648 512 2147483647 1 -2147483648 2147483647 0 1 0
 2147483647 -1 -1 -2147483648 -2147483136 2147483647 2 2147483647 1627779712 0 1 0
 2147483647 -1 -1 -2147483648 -2147483136 2147483647 1 2147483647 -1610613498 0 1 0
 2147483647 -1 -1 2147483647 -2147483136 -2147483648 2 2147483647 -2147483648 0 1 0
 2147483647 -1 -1 2147483647 -2147483136 -2147483648 3 2147483640 2147483647 0 1 -1
 2147483647 -1 -1 2147483647 -2147483136 -2147483648 0 -1073217636 2147483647 0 1 -1
 811 -1 -1 -2147483648 -2147483136 2147483647 2 -8254564 2147483647 0 1 -1
 2147483647 -1 -1 -2147483648 -2147483136 2147483647 2 2145386399 268436099 0 1 -1
 2147483647 -1 -1 -2147483648 -2147483136 2147483647 3 2147483543 -1610613498 0 1 -1
 2147483647 -1 -1 2147483647 -2147483136 -2147483648 1 2147483547 -2147483648 0 1 -1
 2147483647 -1 -1 2147483647 -2147483136 -2147483648 2 1073742472 2147483647 0 -2 0
 2147483647 -1 -1 2147483647 -2147483136 -2147483648 1 -2147483648 2147483647 0 -2 0
 1073742123 -1 -1 -2147483648 512 2147483647 1 -2147483648 2147483647 0 -2 0
 2147483647 -1 -1 -2147483648 -2147483136 2147483647 2 2147483647 1107586720 0 -2 0
 2147483647 -1 -1 -2147483648 -2147483136 2147483647 1 2147483647 -1610613498 0 -2 0
 2147483647 -1 -1 2147483647 -2147483136 -2147483648 2 2147483647 -2147483648 0 -2 0
 2147483647 -1 -1 2147483647 -2147483136 -2147483648 3 2147483640 2147483647 0 -2 -1
 2147483647 -1 -1 2147483647 -2147483136 -2147483648 0 -1073217636 2147483647 0 -2 -1
 268435755 -1 -1 1073741824 -2147483136 2147483647 2 -4194404 2147483647 0 -2 -1
 2147483647 -1 -1 -2147483648 -2147483136 2147483647 2 2147450783 268566530 0 -2 -1
 2147483647 -1 -1 -2147483648 -2147483136 2147483647 3 2147483543 -1610613498 0 -2 -1
 2147483647 -1 -1 2147483647 -2147483136 -2147483648 1 2147483547 -2147483648 0 -2 -1
 2147483647 -1 0 0 -2147483136 0 0 0 0 -1 1 0
 2147483647 -1 0 2147483647 -2147483136 -2147483648 2 1073742472 2147483647 -1 -2 0
 2147483647 -1 0 2147483647 -2147483136 -2147483648 1 -2147483648 2147483647 -1 -2 0
 1073742123 -1 0 -2147483648 512 2147483647 1 -2147483648 2147483647 -1 -2 0
 2147483647 -1 0 -2147483648 -2147483136 2147483647 2 2147483647 1663242904 -1 -2 0
 2147483647 -1 0 -2147483648 -2147483136 2147483647 1 2147483647 -1610613498 -1 -2 0
 2147483647 -1 0 2147483647 -2147483136 -2147483648 2 2147483647 -2147483648 -1 -2 0
 2147483647 -1 0 2147483647 -2147483136 -2147483648 3 2147483640 2147483647 -1 -2 -1
 2147483647 -1 0 2147483647 -2147483136 -2147483648 0 -1073217636 2147483647 -1 -2 -1
 134218027 -1 0 -2147483648 -2147483136 2147483647 2 -8257636 2147483647 -1 -2 -1
 2147483647 -1 0 -2147483648 -2147483136 2147483647 2 2147450783 268435457 -1 -2 -1
 2147483647 -1 0 -2147483648 -2147483136 2147483647 3 2147483543 -1610613498 -1 -2 -1
 2147483647 -1 0 2147483647 -2147483136 -2147483648 1 2147483547 -2147483648 -1 -2 -1
 -2147483136 0 -1 0 2147483647 0 0 0 0 0 0 0
 0 0 0 0 0 0 0 0 0 0 0 0
 0 0 0 0 0 0 -4 0 0 0 0 0
