0 0 0 0 0 0 0 0 0 0 0 0
0 0 -1 0 0 0 0 0 0 0 0 0
0 -1 -1 0 0 0 0 0 0 0 0 0
601 -1 -1 0 0 0 0 0 0 0 0 0
601 -1 -1 1 0 0 0 0 0 0 0 0
601 -1 -1 1 0 0 0 400 400 0 0 0
601 -1 -1 1 0 0 0 0 -1 0 0 0
601 -1 -1 -1 0 0 0 0 -1 0 0 0
601 -1 -1 -1 0 0 0 401 400 0 0 0
601 -1 -1 -1 0 0 0 401 400 0 0 -1
601 -1 -1 0 0 1 0 0 0 0 0 -1
601 -1 -1 0 0 1 0 -100 0 0 0 -1
601 -1 -1 0 0 0 0 0 0 0 0 -1
601 -1 -1 0 0 0 0 0 300 0 0 -1
601 -1 -1 0 0 -1 0 0 300 0 0 -1
601 -1 -1 0 0 -1 0 400 700 0 0 -1
601 -1 -1 0 0 -1 0 400 700 0 1 -1
601 -1 -1 0 0 -1 0 0 300 0 1 -1
601 -1 -1 0 0 0 0 0 300 0 1 -1
601 -1 -1 0 0 0 0 0 0 0 1 -1
601 -1 -1 0 0 1 0 0 0 0 1 -1
601 -1 -1 0 0 1 0 -100 0 0 1 -1
601 -1 -1 0 0 1 0 101 400 0 1 -1
601 -1 -1 0 0 1 0 101 400 0 1 0
601 -1 -1 1 0 0 0 0 0 0 1 0
601 -1 -1 1 0 0 0 400 400 0 1 0
601 -1 -1 1 0 0 0 0 -1 0 1 0
601 -1 -1 -1 0 0 0 0 -1 0 1 0
601 -1 -1 -1 0 0 0 401 400 0 1 0
601 -1 -1 -1 0 0 0 401 400 -1 1 0
601 -1 0 -1 0 0 0 401 400 -1 1 0
601 -1 0 -1 0 0 0 401 400 -1 0 0
601 -1 0 -1 0 0 0 0 -1 -1 0 0
601 -1 0 0 0 0 0 0 -1 -1 0 0
601 -1 0 0 0 0 0 0 0 -1 0 0
601 -1 0 1 0 0 0 0 0 -1 0 0
601 -1 0 1 0 0 0 400 400 -1 0 0
601 -1 0 1 0 0 0 400 400 -1 0 -1
601 -1 0 0 0 1 0 0 0 -1 0 -1
601 -1 0 0 0 1 0 -100 0 -1 0 -1
601 -1 0 0 0 1 0 101 400 -1 0 -1
601 -1 0 0 0 1 0 0 300 -1 0 -1
601 -1 0 0 0 -1 0 0 300 -1 0 -1
601 -1 0 0 0 -1 0 400 700 -1 0 -1
0 -1 0 0 0 -1 0 400 700 -1 0 -1
0 -1 0 0 601 -1 0 400 700 -1 0 -1
0 -1 -1 0 601 -1 0 400 700 -1 0 -1
0 -1 -1 0 601 -1 1 400 700 -1 0 -1
