0 0 0 0 0 0 0 0 0 0 0 0
0 0 -1 0 0 0 0 0 0 0 0 0
0 1 -1 0 0 0 0 0 0 0 0 0
601 1 1 0 0 0 0 0 0 0 0 0
601 1 1 0 0 0 1 0 0 0 2 0
601 1 1 1 0 0 0 0 0 0 2 0
601 1 1 1 0 0 0 400 400 0 2 0
601 1 1 1 0 0 1 0 0 0 2 0
601 1 1 1 0 0 1 500 500 0 2 0
601 1 1 1 0 0 2 0 0 0 2 0
601 1 1 1 0 0 2 640 640 0 2 0
601 1 1 1 0 0 3 0 0 0 2 0
601 1 1 1 0 0 3 740 740 0 2 0
601 1 1 1 0 0 0 0 -1 0 2 0
601 1 1 0 0 0 1 0 -1 0 2 0
601 1 1 -1 0 0 0 0 -1 0 2 0
601 1 1 -1 0 0 0 401 400 0 2 0
601 1 1 -1 0 0 1 0 -1 0 2 0
601 1 1 -1 0 0 1 501 500 0 2 0
601 1 1 -1 0 0 2 0 -1 0 2 0
601 1 1 -1 0 0 2 641 640 0 2 0
601 1 1 -1 0 0 3 0 -1 0 2 0
601 1 1 -1 0 0 3 741 740 0 2 0
601 1 1 -1 0 0 0 741 740 0 2 1
601 1 1 0 0 1 0 0 0 0 2 1
601 1 1 0 0 1 0 -100 0 0 2 1
601 1 1 0 0 1 1 0 0 0 2 1
601 1 1 0 0 1 1 201 500 0 2 1
601 1 1 0 0 1 2 0 0 0 2 1
601 1 1 0 0 1 2 341 640 0 2 1
601 1 1 0 0 1 3 0 0 0 2 1
601 1 1 0 0 1 3 441 740 0 2 1
601 1 1 0 0 0 0 0 0 0 2 1
601 1 1 0 0 0 1 0 0 0 2 1
601 1 1 0 0 0 0 0 300 0 2 1
601 1 1 0 0 0 1 0 300 0 2 1
601 1 1 0 0 -1 0 0 300 0 2 1
601 1 1 0 0 -1 0 400 700 0 2 1
601 1 1 0 0 -1 1 0 300 0 2 1
601 1 1 0 0 -1 1 500 800 0 2 1
601 1 1 0 0 -1 2 0 300 0 2 1
601 1 1 0 0 -1 2 640 940 0 2 1
601 1 1 0 0 -1 3 0 300 0 2 1
601 1 1 0 0 -1 3 740 1040 0 2 1
601 1 1 0 0 -1 0 740 1040 0 1 1
601 1 1 0 0 -1 0 0 300 0 1 1
601 1 1 0 0 -1 1 0 300 0 1 1
601 1 1 0 0 -1 1 500 800 0 1 1
601 1 1 0 0 -1 2 0 300 0 1 1
601 1 1 0 0 -1 2 640 940 0 1 1
601 1 1 0 0 -1 3 0 300 0 1 1
601 1 1 0 0 -1 3 740 1040 0 1 1
601 1 1 0 0 0 0 0 300 0 1 1
601 1 1 0 0 0 1 0 300 0 1 1
601 1 1 0 0 0 0 0 0 0 1 1
601 1 1 0 0 0 1 0 0 0 1 1
601 1 1 0 0 1 0 0 0 0 1 1
601 1 1 0 0 1 0 -100 0 0 1 1
601 1 1 0 0 1 0 101 400 0 1 1
601 1 1 0 0 1 1 0 0 0 1 1
601 1 1 0 0 1 1 201 500 0 1 1
601 1 1 0 0 1 2 0 0 0 1 1
601 1 1 0 0 1 2 341 640 0 1 1
601 1 1 0 0 1 3 0 0 0 1 1
601 1 1 0 0 1 3 441 740 0 1 1
601 1 1 0 0 1 0 441 740 0 1 0
601 1 1 0 0 0 1 0 0 0 1 0
601 1 1 1 0 0 0 0 0 0 1 0
601 1 1 1 0 0 0 400 400 0 1 0
601 1 1 1 0 0 1 0 0 0 1 0
601 1 1 1 0 0 1 500 500 0 1 0
601 1 1 1 0 0 2 0 0 0 1 0
601 1 1 1 0 0 2 640 640 0 1 0
601 1 1 1 0 0 3 0 0 0 1 0
601 1 1 1 0 0 3 740 740 0 1 0
601 1 1 1 0 0 0 0 -1 0 1 0
601 1 1 0 0 0 1 0 -1 0 1 0
601 1 1 -1 0 0 0 0 -1 0 1 0
601 1 1 -1 0 0 0 401 400 0 1 0
601 1 1 -1 0 0 1 0 -1 0 1 0
601 1 1 -1 0 0 1 501 500 0 1 0
601 1 1 -1 0 0 2 0 -1 0 1 0
601 1 1 -1 0 0 2 641 640 0 1 0
601 1 1 -1 0 0 3 0 -1 0 1 0
601 1 1 -1 0 0 3 741 740 0 1 0
601 1 1 -1 0 0 0 741 740 1 1 0
601 1 0 -1 0 0 0 741 740 1 1 0
601 1 0 -1 0 0 0 741 740 1 0 0
601 1 0 -1 0 0 0 0 -1 1 0 0
601 1 0 -1 0 0 1 0 -1 1 0 0
601 1 0 -1 0 0 1 501 500 1 0 0
601 1 0 -1 0 0 2 0 -1 1 0 0
601 1 0 -1 0 0 2 641 640 1 0 0
601 1 0 -1 0 0 3 0 -1 1 0 0
601 1 0 -1 0 0 3 741 740 1 0 0
601 1 0 0 0 0 0 0 -1 1 0 0
601 1 0 0 0 0 1 0 -1 1 0 0
601 1 0 0 0 0 0 0 0 1 0 0
601 1 0 0 0 0 1 0 0 1 0 0
601 1 0 1 0 0 0 0 0 1 0 0
601 1 0 1 0 0 0 400 400 1 0 0
601 1 0 1 0 0 1 0 0 1 0 0
601 1 0 1 0 0 1 500 500 1 0 0
601 1 0 1 0 0 2 0 0 1 0 0
601 1 0 1 0 0 2 640 640 1 0 0
601 1 0 1 0 0 3 0 0 1 0 0
601 1 0 1 0 0 3 740 740 1 0 0
601 1 0 1 0 0 0 740 740 1 0 -1
601 1 0 0 0 0 1 0 0 1 0 -1
601 1 0 0 0 1 0 0 0 1 0 -1
601 1 0 0 0 1 0 -100 0 1 0 -1
601 1 0 0 0 1 0 101 400 1 0 -1
601 1 0 0 0 1 1 0 0 1 0 -1
601 1 0 0 0 1 1 201 500 1 0 -1
601 1 0 0 0 1 2 0 0 1 0 -1
601 1 0 0 0 1 2 341 640 1 0 -1
601 1 0 0 0 1 3 0 0 1 0 -1
601 1 0 0 0 1 3 441 740 1 0 -1
601 1 0 0 0 1 0 0 300 1 0 -1
601 1 0 0 0 0 1 0 300 1 0 -1
601 1 0 0 0 -1 0 0 300 1 0 -1
601 1 0 0 0 -1 0 400 700 1 0 -1
601 1 0 0 0 -1 1 0 300 1 0 -1
601 1 0 0 0 -1 1 500 800 1 0 -1
601 1 0 0 0 -1 2 0 300 1 0 -1
601 1 0 0 0 -1 2 640 940 1 0 -1
601 1 0 0 0 -1 3 0 300 1 0 -1
601 1 0 0 0 -1 3 740 1040 1 0 -1
0 1 0 0 0 -1 0 740 1040 1 0 -1
0 1 0 0 601 -1 0 740 1040 1 0 -1
0 1 1 0 601 -1 0 740 1040 1 0 -1
0 1 1 0 601 -1 4 740 1040 1 0 -1
0 1 1 0 601 -1 -1 740 1040 1 0 -1
