 2147483647 -1 -1 2147483647 -2147483136 -2147483648 2 1073742464 2147483647 0 1 0
 2147483647 -1 -1 2147483647 -2147483136 -2147483648 3 -2147467264 2147483647 0 1 0
 1073742123 -1 -1 -2147483648 512 2147483647 1 -2147483648 2147483647 0 1 0
 2147483647 -1 -1 -2147483648 -2147483136 2147483647 2 2147483647 1678111360 0 1 0
 2147483647 -1 -1 -2147483648 -2147483136 2147483647 1 2147483647 -1610613478 0 1 0
 2147483647 -1 -1 2147483647 -2147483136 -2147483648 2 2147483647 -2147483648 0 1 0
 2147483647 -1 -1 2147483647 -2147483136 -2147483648 3 1073742564 2147483647 0 1 -1
 2147483647 -1 -1 2147483647 -2147483136 -2147483648 1 -536871184 2147483647 0 1 -1
 268435755 -1 -1 -2147483648 -2147483136 2147483647 2 -4194604 2147483647 0 1 -1
 2147483647 -1 -1 -2147483648 0 2147483647 0 1073741555 1073741852 0 1 -1
 2147483647 -1 -1 -2147483648 -2147483136 2147483647 3 -301 -1610613478 0 1 -1
 2147483647 -1 -1 2147483647 -2147483136 -2147483648 1 2147483347 -2147483648 0 1 -1
 2147483647 -1 -1 2147483647 -2147483136 -2147483648 2 1073742464 2147483647 0 -2 0
 2147483647 -1 -1 2147483647 -2147483136 -2147483648 1 -2147483648 2147483647 0 -2 0
 1073742123 -1 -1 -2147483648 512 2147483647 1 -2147483648 2147483647 0 -2 0
 2147483647 -1 -1 -2147483648 -2147483136 2147483647 2 2147483647 1107565216 0 -2 0
 2147483647 -1 -1 -2147483648 -2147483136 2147483647 1 2147483647 -1610613478 0 -2 0
 2147483647 -1 -1 2147483647 -2147483136 -2147483648 2 2147483647 -2147483648 0 -2 0
 2147483647 -1 -1 2147483647 -2147483136 -2147483648 3 1073742564 2147483647 0 -2 -1
 2147483647 -1 -1 2147483647 -2147483136 -2147483648 1 -536871184 2147483647 0 -2 -1
 811 -1 -1 1073741824 -2147483136 2147483647 2 -4194604 2147483647 0 -2 -1
 2147483647 -1 -1 -2147483648 -2147483136 2147483647 0 1073741531 1073741828 0 -2 -1
 2147483647 -1 -1 -2147483648 -2147483136 2147483647 3 -301 -1610613478 0 -2 -1
 2147483647 -1 -1 2147483647 -2147483136 -2147483648 1 2147483347 -2147483648 0 -2 -1
 2147483647 -1 0 0 -2147483136 0 0 0 0 -1 1 0
 2147483647 -1 0 2147483647 -2147483136 -2147483648 2 1073742464 2147483647 -1 -2 0
 2147483647 -1 0 2147483647 -2147483136 -2147483648 1 -2147483648 2147483647 -1 -2 0
 1073742123 -1 0 -2147483648 512 2147483647 1 -2147483648 2147483647 -1 -2 0
 2147483647 -1 0 -2147483648 -2147483136 2147483647 2 2147483647 1126374016 -1 -2 0
 2147483647 -1 0 -2147483648 -2147483136 2147483647 1 2147483647 -1610613478 -1 -2 0
 2147483647 -1 0 2147483647 -2147483136 -2147483648 2 2147483647 -2147483648 -1 -2 0
 2147483647 -1 0 2147483647 -2147483136 -2147483648 3 1073742564 2147483647 -1 -2 -1
 2147483647 -1 0 2147483647 -2147483136 -2147483648 1 -536871184 2147483647 -1 -2 -1
 33554731 -1 0 -2147483648 -2147483136 2147483647 2 -6291756 2147483647 -1 -2 -1
 2147483647 -1 0 -2147483648 -2147483136 2147483647 0 1073741779 1073742010 -1 -2 -1
 2147483647 -1 0 -2147483648 -2147483136 2147483647 3 -301 -1610613478 -1 -2 -1
 2147483647 -1 0 2147483647 -2147483136 -2147483648 1 2147483347 -2147483648 -1 -2 -1
 -2147483136 0 -1 0 2147483647 0 0 0 0 0 0 0
 0 0 0 0 0 0 0 0 0 0 0 0
 0 0 0 0 0 0 -4 0 0 0 0 0
