 2147483647 -1 -1 2147483647 -2147483136 -2147483648 2 1073742464 2147483647 0 1 0
 2147483647 -1 -1 2147483647 -2147483136 -2147483648 1 2147483613 2147483645 0 1 -1
 2147483647 -1 -1 2147483647 -2147483136 -2147483648 3 2147090324 2147090361 0 1 -1
 2147483647 -1 -1 2147483647 -2147483136 -2147483648 3 -2147467264 2147483647 0 1 0
 2147483647 -1 -1 2147483647 -2147483136 -2147483648 1 -2147483489 2147483647 0 1 -1
 2147483647 -1 -1 2147483647 -2147483136 -2147483648 1 -102 -100 0 1 -1
 1073742123 -1 -1 -2147483648 512 2147483647 1 -2147483648 2147483647 0 1 0
 16683 -1 -1 -2147483648 -2147483136 2147483647 0 -2013266017 2147483647 0 1 -1
 2147483647 -1 -1 -1426850032 -2147483136 1795162079 3 1073741726 1073741825 0 1 -1
 2147483647 -1 -1 -1409302786 -2147483136 1811922943 0 -4194401 -4194302 0 1 -1
 811 -1 -1 -2147483647 -2147483136 -2147483647 2 -1073741921 -1073741822 0 1 -1
 2147483647 -1 -1 -2147483648 -2147483136 2147483647 2 2147483647 1678111360 0 1 0
 2147483647 -1 -1 -2147483648 -2147483136 2147483647 0 2147483550 1611448712 0 1 -1
 2147483647 -1 -1 -2147483648 -2147483136 2147483647 2 2147483423 234881537 0 1 -1
 2147483647 -1 -1 -2147483648 -2147483136 2147483647 1 2147483647 -1610613478 0 1 0
 2147483647 -1 -1 -2147483648 -2147483136 2147483647 2 2147483606 -2147481707 0 1 -1
 2147483647 -1 -1 -2147483648 -2147483136 2147483647 1 2147483423 -1610613478 0 1 -1
 2147483647 -1 -1 2147483647 -2147483136 -2147483648 2 2147483647 -2147483648 0 1 0
 2147483647 -1 -1 2145309695 -2147483136 -1077799938 0 2147483550 -99 0 1 -1
 2147483647 -1 -1 2147483121 -2147483136 2147483121 2 2147483550 -99 0 1 -1
 2147483647 -1 -1 2147483647 -2147483136 -2147483648 1 -101 -2147483648 0 1 -1
 2147483647 -1 -1 2147483647 -2147483136 -2147483648 2 1073742464 2147483647 0 -2 0
 2147483647 -1 -1 2147483647 -2147483136 -2147483648 1 2147483613 2147483645 0 -2 -1
 2147483647 -1 -1 2147483647 -2147483136 -2147483648 0 2147483540 2147483577 0 -2 -1
 2147483647 -1 -1 2147483647 -2147483136 -2147483648 1 -2147483648 2147483647 0 -2 0
 2147483647 -1 -1 2147483647 -2147483136 -2147483648 1 -2147483489 2147483647 0 -2 -1
 2147483647 -1 -1 2147483647 -2147483136 -2147483648 1 -102 -100 0 -2 -1
 1073742123 -1 -1 -2147483648 512 2147483647 1 -2147483648 2147483647 0 -2 0
 16683 -1 -1 -2147483648 -2147483136 2147483647 0 -2013266017 2147483647 0 -2 -1
 2147483647 -1 -1 -1166803200 -2147483136 2054684641 2 1073741726 1073741825 0 -2 -1
 2147483647 -1 -1 -1409288194 -2147483136 1811937279 0 -4194401 -4194302 0 -2 -1
 811 -1 -1 0 0 0 2 -1073741923 -1073741824 0 -2 -1
 2147483647 -1 -1 -2147483648 -2147483136 2147483647 2 2147483647 1107565216 0 -2 0
 2147483647 -1 -1 -2147483648 -2147483136 2147483647 3 2147483550 1074561672 0 -2 -1
 2147483647 -1 -1 -2147483648 -2147483136 2147483647 2 2147483423 167772672 0 -2 -1
 2147483647 -1 -1 -2147483648 -2147483136 2147483647 1 2147483647 -1610613478 0 -2 0
 2147483647 -1 -1 -2147483648 -2147483136 2147483647 2 2147483598 -2145388659 0 -2 -1
 2147483647 -1 -1 -2147483648 -2147483136 2147483647 1 2147483455 -1610613478 0 -2 -1
 2147483647 -1 -1 2147483647 -2147483136 -2147483648 2 2147483647 -2147483648 0 -2 0
 2147483647 -1 -1 2145309695 -2147483136 -1077799938 0 2147483550 -99 0 -2 -1
 2147483647 -1 -1 0 -2147483136 0 3 2147483550 -99 0 -2 -1
 2147483647 -1 -1 2147483647 -2147483136 -2147483648 1 -101 -2147483648 0 -2 -1
 2147483647 -1 0 0 -2147483136 0 0 0 0 -1 1 0
 2147483647 -1 0 2147483647 -2147483136 -2147483648 2 1073742464 2147483647 -1 -2 0
 2147483647 -1 0 2147483647 -2147483136 -2147483648 1 2147483613 2147483645 -1 -2 -1
 2147483647 -1 0 2147483647 -2147483136 -2147483648 3 2147483540 2147483579 -1 -2 -1
 2147483647 -1 0 2147483647 -2147483136 -2147483648 1 -2147483648 2147483647 -1 -2 0
 2147483647 -1 0 2147483647 -2147483136 -2147483648 1 -2147483489 2147483647 -1 -2 -1
 2147483647 -1 0 2147483647 -2147483136 -2147483648 3 -102 -100 -1 -2 -1
 1073742123 -1 0 -2147483648 512 2147483647 1 -2147483648 2147483647 -1 -2 0
 16683 -1 0 -2147483648 -2147483136 2147483647 0 -2013266017 2147483647 -1 -2 -1
 2147483647 -1 0 -1168638094 -2147483136 2054684539 2 1073741726 1073741825 -1 -2 -1
 2147483647 -1 0 -1409286518 -2147483136 1811939307 0 -4194401 -4194302 -1 -2 -1
 16683 -1 0 0 -2147483136 0 2 -1073741922 -1073741823 -1 -2 -1
 2147483647 -1 0 -2147483648 -2147483136 2147483647 2 2147483647 1126374016 -1 -2 0
 2147483647 -1 0 -2147483648 -2147483136 2147483647 2 2147483550 1343521432 -1 -2 -1
 2147483647 -1 0 -2147483648 -2147483136 2147483647 2 2147483423 2097664 -1 -2 -1
 2147483647 -1 0 -2147483648 -2147483136 2147483647 1 2147483647 -1610613478 -1 -2 0
 2147483647 -1 0 -2147483648 -2147483136 2147483647 2 2147483550 537 -1 -2 -1
 2147483647 -1 0 -2147483648 -2147483136 2147483647 1 2147483455 -1610613478 -1 -2 -1
 2147483647 -1 0 2147483647 -2147483136 -2147483648 2 2147483647 -2147483648 -1 -2 0
 2147483647 -1 0 2145311743 -2147483136 -1077799938 0 2147483550 -99 -1 -2 -1
 2147483647 -1 0 0 -2147483136 0 3 2147483550 -99 -1 -2 -1
 2147483647 -1 0 2147483647 -2147483136 -2147483648 1 -101 -2147483648 -1 -2 -1
 -2147483136 0 -1 0 2147483647 0 0 0 0 0 0 0
 0 0 0 0 0 0 0 0 0 0 0 0
 0 0 0 0 0 0 -4 0 0 0 0 0
