 2147483647 -1 -1 2147483647 -2147483136 -2147483648 1 2147483613 2147483645 0 1 0
 2147483647 -1 -1 2147483647 -2147483136 -2147483648 3 2146566036 2146566072 0 1 0
 2147483647 -1 -1 2147483647 -2147483136 -2147483648 1 -2147483489 2147483647 0 1 0
 2147483647 -1 -1 2147483647 512 -2147483648 1 -102 -100 0 1 0
 16683 -1 -1 -2147483648 -2147483136 2147483647 0 -2013266017 2147483647 0 1 0
 2147483647 -1 -1 -1446362496 -2147483136 1808716673 2 2113929178 2113929215 0 1 0
 2147483647 -1 -1 -1342340206 -2147483136 1879028695 3 -4194402 -4194303 0 1 0
 16683 -1 -1 0 -2147483136 0 2 -1073741923 -1073741824 0 1 0
 2147483647 -1 -1 -2147483648 -2147483136 2147483647 3 2147483550 1074004636 0 1 0
 2147483647 -1 -1 -2147483648 -2147483136 2147483647 2 2147483423 2098817 0 1 0
 2147483647 -1 -1 -2147483648 -2147483136 2147483647 3 2147483550 661 0 1 0
 2147483647 -1 -1 -2147483648 -2147483136 2147483647 1 2147483423 -1610613478 0 1 0
 2147483647 -1 -1 2145309695 -2147483136 -1077799938 0 2147483550 -99 0 1 0
 2147483647 -1 -1 0 -2147483136 0 3 2147483550 -1 0 1 0
 2147483647 -1 -1 2147483647 -2147483136 -2147483648 1 -101 -2147483648 0 1 0
 2147483647 -1 -1 2147483647 -2147483136 -2147483648 3 2147483628 2147483647 0 1 -1
 2147483647 -1 -1 2147483647 -2147483136 -2147483648 1 -1071643876 2147483647 0 1 -1
 811 -1 -1 -2147483648 -2147483136 2147483647 2 -8254564 2147483647 0 1 -1
 2147483647 -1 -1 -2147483648 -2147483136 2147483647 2 2145386399 268436099 0 1 -1
 2147483647 -1 -1 -2147483648 -2147483136 2147483647 1 2147483551 -2147483646 0 1 -1
 2147483647 -1 -1 2147483647 -2147483136 -2147483648 1 2147483547 -2147483648 0 1 -1
 2147483647 -1 -1 2147483647 -2147483136 -2147483648 1 2147483613 2147483645 0 -2 0
 2147483647 -1 -1 2147483647 -2147483136 -2147483648 3 2147090324 2147090361 0 -2 0
 2147483647 -1 -1 2147483647 -2147483136 -2147483648 1 -2147483489 2147483647 0 -2 0
 2147483647 -1 -1 2147483647 -2147483136 -2147483648 1 -102 -100 0 -2 0
 16683 -1 -1 -2147483648 -2147483136 2147483647 0 -2013266017 2147483647 0 -2 0
 2147483647 -1 -1 -1426850032 -2147483136 1795162079 3 1073741726 1073741825 0 -2 0
 2147483647 -1 -1 -1409302786 -2147483136 1811922943 0 -4194401 -4194302 0 -2 0
 811 -1 -1 -2147483647 -2147483136 -2147483647 2 -1073741921 -1073741822 0 -2 0
 2147483647 -1 -1 -2147483648 -2147483136 2147483647 0 2147483550 1611448712 0 -2 0
 2147483647 -1 -1 -2147483648 -2147483136 2147483647 2 2147483423 234881537 0 -2 0
 2147483647 -1 -1 -2147483648 -2147483136 2147483647 2 2147483606 -2147481707 0 -2 0
 2147483647 -1 -1 -2147483648 -2147483136 2147483647 1 2147483423 -1610613478 0 -2 0
 2147483647 -1 -1 2145309695 -2147483136 -1077799938 0 2147483550 -99 0 -2 0
 2147483647 -1 -1 2147483121 -2147483136 2147483121 2 2147483550 -99 0 -2 0
 2147483647 -1 -1 2147483647 -2147483136 -2147483648 1 -101 -2147483648 0 -2 0
 2147483647 -1 -1 2147483647 -2147483136 -2147483648 3 2147483628 2147483647 0 -2 -1
 2147483647 -1 -1 2147483647 -2147483136 -2147483648 1 -1071643876 2147483647 0 -2 -1
 268435755 -1 -1 1073741824 -2147483136 2147483647 2 -4194404 2147483647 0 -2 -1
 2147483647 -1 -1 -2147483648 -2147483136 2147483647 2 2147450783 268566530 0 -2 -1
 2147483647 -1 -1 -2147483648 -2147483136 2147483647 0 -1073741921 -1610613478 0 -2 -1
 2147483647 -1 -1 2147483647 -2147483136 -2147483648 1 2147483547 -2147483648 0 -2 -1
 2147483647 -1 0 0 -2147483136 0 0 0 0 -1 1 0
 2147483647 -1 0 2147483647 -2147483136 -2147483648 1 2147483613 2147483645 -1 -2 0
 2147483647 -1 0 2147483647 -2147483136 -2147483648 0 2147483540 2147483577 -1 -2 0
 2147483647 -1 0 2147483647 -2147483136 -2147483648 1 -2147483489 2147483647 -1 -2 0
 2147483647 -1 0 2147483647 -2147483136 -2147483648 1 -102 -100 -1 -2 0
 16683 -1 0 -2147483648 -2147483136 2147483647 0 -2013266017 2147483647 -1 -2 0
 2147483647 -1 0 -1166803200 -2147483136 2054684641 2 1073741726 1073741825 -1 -2 0
 2147483647 -1 0 -1409288194 -2147483136 1811937279 0 -4194401 -4194302 -1 -2 0
 811 -1 0 0 0 0 2 -1073741923 -1073741824 -1 -2 0
 2147483647 -1 0 -2147483648 -2147483136 2147483647 3 2147483550 1074561672 -1 -2 0
 2147483647 -1 0 -2147483648 -2147483136 2147483647 2 2147483423 167772672 -1 -2 0
 2147483647 -1 0 -2147483648 -2147483136 2147483647 2 2147483598 -2145388659 -1 -2 0
 2147483647 -1 0 -2147483648 -2147483136 2147483647 1 2147483455 -1610613478 -1 -2 0
 2147483647 -1 0 2145309695 -2147483136 -1077799938 0 2147483550 -99 -1 -2 0
 2147483647 -1 0 0 -2147483136 0 3 2147483550 -99 -1 -2 0
 2147483647 -1 0 2147483647 -2147483136 -2147483648 1 -101 -2147483648 -1 -2 0
 2147483647 -1 0 2147483647 -2147483136 -2147483648 3 2147483628 2147483647 -1 -2 -1
 2147483647 -1 0 2147483647 -2147483136 -2147483648 1 -536871012 2147483647 -1 -2 -1
 134218027 -1 0 -2147483648 -2147483136 2147483647 2 -8257636 2147483647 -1 -2 -1
 2147483647 -1 0 -2147483648 -2147483136 2147483647 2 2147450783 268435457 -1 -2 -1
 2147483647 -1 0 -2147483648 -2147483136 2147483647 0 -1073741921 -1610613478 -1 -2 -1
 2147483647 -1 0 2147483647 -2147483136 -2147483648 1 2147483547 -2147483648 -1 -2 -1
 -2147483136 0 -1 0 2147483647 0 0 0 0 0 0 0
 0 0 0 0 0 0 0 0 0 0 0 0
 0 0 0 0 0 0 -4 0 0 0 0 0
