0 0 0 0 0 0 0 0 0 0 0 0
0 0 -1 0 0 0 0 0 0 0 0 0
0 1 -1 0 0 0 0 0 0 0 0 0
601 1 1 0 0 0 0 0 0 0 0 0
601 1 1 0 0 0 1 0 0 0 2 0
601 1 1 -1 0 0 0 0 0 0 2 0
601 1 1 -1 0 0 0 301 400 0 2 0
601 1 1 -1 0 0 1 0 0 0 2 0
601 1 1 -1 0 0 1 401 500 0 2 0
601 1 1 -1 0 0 2 0 0 0 2 0
601 1 1 -1 0 0 2 541 640 0 2 0
601 1 1 -1 0 0 3 0 0 0 2 0
601 1 1 -1 0 0 3 641 740 0 2 0
601 1 1 0 0 0 0 0 100 0 2 0
601 1 1 0 0 0 1 0 100 0 2 0
601 1 1 1 0 0 0 0 0 0 2 0
601 1 1 1 0 0 0 -100 0 0 2 0
601 1 1 1 0 0 0 400 400 0 2 0
601 1 1 1 0 0 0 400 500 0 2 0
601 1 1 1 0 0 1 0 0 0 2 0
601 1 1 1 0 0 1 -100 0 0 2 0
601 1 1 1 0 0 1 500 500 0 2 0
601 1 1 1 0 0 1 500 600 0 2 0
601 1 1 1 0 0 2 0 0 0 2 0
601 1 1 1 0 0 2 -100 0 0 2 0
601 1 1 1 0 0 2 640 640 0 2 0
601 1 1 1 0 0 2 640 740 0 2 0
601 1 1 1 0 0 3 0 0 0 2 0
601 1 1 1 0 0 3 -100 0 0 2 0
601 1 1 1 0 0 3 740 740 0 2 0
601 1 1 1 0 0 3 740 840 0 2 0
601 1 1 1 0 0 0 0 -1 0 2 0
601 1 1 0 0 0 1 0 -1 0 2 0
601 1 1 -1 0 0 0 0 -1 0 2 0
601 1 1 -1 0 0 0 401 400 0 2 0
601 1 1 -1 0 0 1 0 -1 0 2 0
601 1 1 -1 0 0 1 501 500 0 2 0
601 1 1 -1 0 0 2 0 -1 0 2 0
601 1 1 -1 0 0 2 641 640 0 2 0
601 1 1 -1 0 0 3 0 -1 0 2 0
601 1 1 -1 0 0 3 741 740 0 2 0
601 1 1 -1 0 0 0 741 740 0 2 1
601 1 1 0 0 1 0 0 0 0 2 1
601 1 1 0 0 1 1 0 0 0 2 1
601 1 1 0 0 1 1 401 500 0 2 1
601 1 1 0 0 1 2 0 0 0 2 1
601 1 1 0 0 1 2 541 640 0 2 1
601 1 1 0 0 1 3 0 0 0 2 1
601 1 1 0 0 1 3 641 740 0 2 1
601 1 1 0 0 0 0 0 0 0 2 1
601 1 1 0 0 0 1 0 0 0 2 1
601 1 1 0 0 0 0 0 100 0 2 1
601 1 1 0 0 0 1 0 100 0 2 1
601 1 1 0 0 -1 0 0 100 0 2 1
601 1 1 0 0 -1 0 400 500 0 2 1
601 1 1 0 0 -1 1 0 100 0 2 1
601 1 1 0 0 -1 1 500 600 0 2 1
601 1 1 0 0 -1 2 0 100 0 2 1
601 1 1 0 0 -1 2 640 740 0 2 1
601 1 1 0 0 -1 3 0 100 0 2 1
601 1 1 0 0 -1 3 740 840 0 2 1
601 1 1 0 0 -1 0 740 840 0 1 1
601 1 1 0 0 -1 0 0 100 0 1 1
601 1 1 0 0 -1 1 0 100 0 1 1
601 1 1 0 0 -1 1 500 600 0 1 1
601 1 1 0 0 -1 2 0 100 0 1 1
601 1 1 0 0 -1 2 640 740 0 1 1
601 1 1 0 0 -1 3 0 100 0 1 1
601 1 1 0 0 -1 3 740 840 0 1 1
601 1 1 0 0 0 0 0 100 0 1 1
601 1 1 0 0 0 1 0 100 0 1 1
601 1 1 0 0 0 0 0 0 0 1 1
601 1 1 0 0 0 1 0 0 0 1 1
601 1 1 0 0 1 0 0 0 0 1 1
601 1 1 0 0 1 0 301 400 0 1 1
601 1 1 0 0 1 1 0 0 0 1 1
601 1 1 0 0 1 1 401 500 0 1 1
601 1 1 0 0 1 2 0 0 0 1 1
601 1 1 0 0 1 2 541 640 0 1 1
601 1 1 0 0 1 3 0 0 0 1 1
601 1 1 0 0 1 3 641 740 0 1 1
601 1 1 0 0 1 0 641 740 0 1 0
601 1 1 -1 0 0 0 0 0 0 1 0
601 1 1 -1 0 0 1 0 0 0 1 0
601 1 1 -1 0 0 1 401 500 0 1 0
601 1 1 -1 0 0 2 0 0 0 1 0
601 1 1 -1 0 0 2 541 640 0 1 0
601 1 1 -1 0 0 3 0 0 0 1 0
601 1 1 -1 0 0 3 641 740 0 1 0
601 1 1 0 0 0 0 0 0 0 1 0
601 1 1 0 0 0 1 0 0 0 1 0
601 1 1 0 0 0 0 0 100 0 1 0
601 1 1 0 0 0 1 0 100 0 1 0
601 1 1 1 0 0 0 0 0 0 1 0
601 1 1 1 0 0 0 -100 0 0 1 0
601 1 1 1 0 0 0 400 400 0 1 0
601 1 1 1 0 0 0 400 500 0 1 0
601 1 1 1 0 0 1 0 0 0 1 0
601 1 1 1 0 0 1 -100 0 0 1 0
601 1 1 1 0 0 1 500 500 0 1 0
601 1 1 1 0 0 1 500 600 0 1 0
601 1 1 1 0 0 2 0 0 0 1 0
601 1 1 1 0 0 2 -100 0 0 1 0
601 1 1 1 0 0 2 640 640 0 1 0
601 1 1 1 0 0 2 640 740 0 1 0
601 1 1 1 0 0 3 0 0 0 1 0
601 1 1 1 0 0 3 -100 0 0 1 0
601 1 1 1 0 0 3 740 740 0 1 0
601 1 1 1 0 0 3 740 840 0 1 0
601 1 1 1 0 0 0 0 -1 0 1 0
601 1 1 0 0 0 1 0 -1 0 1 0
601 1 1 -1 0 0 0 0 -1 0 1 0
601 1 1 -1 0 0 0 401 400 0 1 0
601 1 1 -1 0 0 1 0 -1 0 1 0
601 1 1 -1 0 0 1 501 500 0 1 0
601 1 1 -1 0 0 2 0 -1 0 1 0
601 1 1 -1 0 0 2 641 640 0 1 0
601 1 1 -1 0 0 3 0 -1 0 1 0
601 1 1 -1 0 0 3 741 740 0 1 0
601 1 1 -1 0 0 0 741 740 1 1 0
601 1 0 -1 0 0 0 741 740 1 1 0
601 1 0 -1 0 0 0 741 740 1 0 0
601 1 0 -1 0 0 0 0 -1 1 0 0
601 1 0 -1 0 0 1 0 -1 1 0 0
601 1 0 -1 0 0 1 501 500 1 0 0
601 1 0 -1 0 0 2 0 -1 1 0 0
601 1 0 -1 0 0 2 641 640 1 0 0
601 1 0 -1 0 0 3 0 -1 1 0 0
601 1 0 -1 0 0 3 741 740 1 0 0
601 1 0 0 0 0 0 0 -1 1 0 0
601 1 0 0 0 0 1 0 -1 1 0 0
601 1 0 0 0 0 0 0 0 1 0 0
601 1 0 0 0 0 1 0 0 1 0 0
601 1 0 -1 0 0 0 0 0 1 0 0
601 1 0 -1 0 0 0 301 400 1 0 0
601 1 0 -1 0 0 1 0 0 1 0 0
601 1 0 -1 0 0 1 401 500 1 0 0
601 1 0 -1 0 0 2 0 0 1 0 0
601 1 0 -1 0 0 2 541 640 1 0 0
601 1 0 -1 0 0 3 0 0 1 0 0
601 1 0 -1 0 0 3 641 740 1 0 0
601 1 0 0 0 0 0 0 100 1 0 0
601 1 0 0 0 0 1 0 100 1 0 0
601 1 0 1 0 0 0 0 0 1 0 0
601 1 0 1 0 0 0 -100 0 1 0 0
601 1 0 1 0 0 0 400 400 1 0 0
601 1 0 1 0 0 0 400 500 1 0 0
601 1 0 1 0 0 1 0 0 1 0 0
601 1 0 1 0 0 1 -100 0 1 0 0
601 1 0 1 0 0 1 500 500 1 0 0
601 1 0 1 0 0 1 500 600 1 0 0
601 1 0 1 0 0 2 0 0 1 0 0
601 1 0 1 0 0 2 -100 0 1 0 0
601 1 0 1 0 0 2 640 640 1 0 0
601 1 0 1 0 0 2 640 740 1 0 0
601 1 0 1 0 0 3 0 0 1 0 0
601 1 0 1 0 0 3 -100 0 1 0 0
601 1 0 1 0 0 3 740 740 1 0 0
601 1 0 1 0 0 3 740 840 1 0 0
601 1 0 1 0 0 0 740 840 1 0 -1
601 1 0 0 0 -1 0 0 100 1 0 -1
601 1 0 0 0 -1 1 0 100 1 0 -1
601 1 0 0 0 -1 1 500 600 1 0 -1
601 1 0 0 0 -1 2 0 100 1 0 -1
601 1 0 0 0 -1 2 640 740 1 0 -1
601 1 0 0 0 -1 3 0 100 1 0 -1
601 1 0 0 0 -1 3 740 840 1 0 -1
601 1 0 0 0 0 0 0 100 1 0 -1
601 1 0 0 0 0 1 0 100 1 0 -1
601 1 0 0 0 0 0 0 0 1 0 -1
601 1 0 0 0 0 1 0 0 1 0 -1
601 1 0 0 0 1 0 0 0 1 0 -1
601 1 0 0 0 1 0 301 400 1 0 -1
601 1 0 0 0 1 1 0 0 1 0 -1
601 1 0 0 0 1 1 401 500 1 0 -1
601 1 0 0 0 1 2 0 0 1 0 -1
601 1 0 0 0 1 2 541 640 1 0 -1
601 1 0 0 0 1 3 0 0 1 0 -1
601 1 0 0 0 1 3 641 740 1 0 -1
0 1 0 0 0 1 0 641 740 1 0 -1
0 1 0 0 601 1 0 641 740 1 0 -1
0 1 1 0 601 1 0 641 740 1 0 -1
0 1 1 0 601 1 4 641 740 1 0 -1
0 1 1 0 601 1 -1 641 740 1 0 -1
