0 0 0 0 0 0 0 0 0 0 0 0
0 0 -1 0 0 0 0 0 0 0 0 0
0 1 -1 0 0 0 0 0 0 0 0 0
601 1 1 0 0 0 0 0 0 0 0 0
601 1 1 1 0 0 0 0 0 0 2 0
601 1 1 1 0 0 0 400 400 0 2 0
601 1 1 1 0 0 0 0 -1 0 2 0
601 1 1 -1 0 0 0 0 -1 0 2 0
601 1 1 -1 0 0 0 401 400 0 2 0
601 1 1 -1 0 0 0 401 400 0 1 0
601 1 1 -1 0 0 0 0 -1 0 1 0
601 1 1 0 0 0 0 0 -1 0 1 0
601 1 1 0 0 0 0 0 0 0 1 0
601 1 1 1 0 0 0 0 0 0 1 0
601 1 1 1 0 0 0 400 400 0 1 0
601 1 1 1 0 0 0 400 400 1 1 0
601 1 0 1 0 0 0 400 400 1 1 0
601 1 0 1 0 0 0 400 400 1 0 0
601 1 0 1 0 0 0 0 0 1 0 0
601 1 0 0 0 0 0 0 0 1 0 0
601 1 0 0 0 0 0 0 -1 1 0 0
601 1 0 -1 0 0 0 0 -1 1 0 0
601 1 0 -1 0 0 0 401 400 1 0 0
0 1 0 -1 0 0 0 401 400 1 0 0
0 1 0 -1 601 0 0 401 400 1 0 0
0 1 1 -1 601 0 0 401 400 1 0 0
0 1 1 -1 601 0 4 401 400 1 0 0
