976 1 1 5378 390 1000 2 641 741 1 0 0
990 1 1 3490 323 281 2 640 741 0 0 1
1170 1 1 605 569 629 2 662 665 0 2 9
814 -1 1 652 309 705 2 716 687 0 1 0
1558 1 0 897 174 7253 2 729 640 0 0 1
1558 1 0 697 174 7253 2 729 640 0 0 1
1558 1 0 697 174 7253 2 729 640 1 0 1
1558 1 1 697 174 7253 2 729 640 1 0 1
1558 1 1 697 174 7253 2 929 640 1 0 1
634 1 0 633 200 535 2 665 795 0 0 1
634 1 0 633 200 535 2 665 795 1 0 1
634 1 1 633 200 535 2 665 795 0 1 1
934 1 1 233 500 335 2 845 640 0 1 1
634 1 0 633 300 535 2 665 795 0 0 1
634 1 1 633 300 535 2 665 795 0 1 1
634 1 1 633 100 535 2 665 795 0 1 1
634 1 1 633 100 535 2 665 795 0 1 0
634 1 0 633 100 535 2 665 795 1 0 0
634 1 0 633 500 535 2 665 795 1 0 0
634 1 0 633 500 335 2 665 795 1 0 0
901 1 1 502 200 650 2 701 640 0 1 0
901 1 1 502 200 650 2 701 640 0 1 1
901 1 0 502 200 650 2 701 640 0 0 0
901 1 0 502 200 650 2 701 640 0 0 1
675 1 0 300 599 424 2 700 640 1 0 1
675 1 0 300 599 424 2 800 640 0 0 1
634 1 0 633 500 335 2 665 795 1 0 1
634 1 1 633 500 335 2 665 795 1 0 1
634 1 1 633 500 335 2 665 795 0 1 1
