 2147483647 -1 -1 2147483647 -2147483136 -2147483648 2 1073742464 2147483647 0 1 0
 2147483647 -1 -1 2147483647 -2147483136 -2147483648 3 -2147467264 2147483647 0 1 0
 1073742123 -1 -1 -2147483648 512 2147483647 1 -2147483648 2147483647 0 1 0
 2147483647 -1 -1 -2147483648 -2147483136 2147483647 2 2147483647 1678111360 0 1 0
 2147483647 -1 -1 -2147483648 -2147483136 2147483647 1 2147483647 -1610613478 0 1 0
 2147483647 -1 -1 2147483647 -2147483136 -2147483648 2 2147483647 -2147483648 0 1 0
 2147483647 -1 -1 2147483647 -2147483136 -2147483648 2 2147483553 2147483645 0 1 -1
 2147483647 -1 -1 2147483647 -2147483136 -2147483648 1 2147483556 -2147483415 0 1 -1
 2147483647 -1 -1 2147483647 -2147483136 -2147483648 1 -1071643876 2147483647 0 1 -1
 811 -1 -1 -2147483648 -2147483136 2147483647 0 -2147483617 2147483647 0 1 -1
 2147483647 -1 -1 -1845856266 -2147483136 1543438335 2 2147483608 641 0 1 -1
 2147483647 -1 -1 -1073741826 -2147483136 2147483647 3 2147483554 -524289 0 1 -1
 134218027 -1 -1 0 -2147483136 0 2 2147483599 -2147385330 0 1 -1
 2147483647 -1 -1 -2147483648 -2147483136 2147483647 1 536870868 536870880 0 1 -1
 2147483647 -1 -1 -2147483648 -2147483136 2147483647 2 1073741727 33409 0 1 -1
 2147483647 -1 -1 -2147483648 -2147483136 2147483647 3 -6190 -6177 0 1 -1
 2147483647 -1 -1 -2147483648 -2147483136 2147483647 3 -101 -1610613480 0 1 -1
 2147483647 -1 -1 -536871425 -2147483136 -1879048706 3 -1073741921 -1073741921 0 1 -1
 2147483647 -1 -1 2111827899 -2147483136 -1248858726 3 2147483545 2147483644 0 1 -1
 2147483647 -1 -1 0 -2147483136 0 3 -536871010 -536870911 0 1 -1
 2147483647 -1 -1 2147483647 -2147483136 -2147483648 1 -101 -2147483648 0 1 -1
 2147483647 -1 -1 2147483647 -2147483136 -2147483648 2 1073742464 2147483647 0 -2 0
 2147483647 -1 -1 2147483647 -2147483136 -2147483648 1 -2147483648 2147483647 0 -2 0
 1073742123 -1 -1 -2147483648 512 2147483647 1 -2147483648 2147483647 0 -2 0
 2147483647 -1 -1 -2147483648 -2147483136 2147483647 2 2147483647 1107565216 0 -2 0
 2147483647 -1 -1 -2147483648 -2147483136 2147483647 1 2147483647 -1610613478 0 -2 0
 2147483647 -1 -1 2147483647 -2147483136 -2147483648 2 2147483647 -2147483648 0 -2 0
 2147483647 -1 -1 2147483647 -2147483136 -2147483648 2 2147483553 2147483645 0 -2 -1
 2147483647 -1 -1 2147483647 -2147483136 -2147483648 3 2147483556 -2147483637 0 -2 -1
 2147483647 -1 -1 2147483647 -2147483136 -2147483648 1 -1071643876 2147483647 0 -2 -1
 811 -1 -1 -2147483648 -2147483136 2147483647 0 -2147483617 2147483647 0 -2 -1
 2147483647 -1 -1 -1845510414 -2147483136 1543503863 2 2147483596 641 0 -2 -1
 2147483647 -1 -1 -1073741826 -2147483136 2147483647 3 2147483554 -524289 0 -2 -1
 33067 -1 -1 0 -2147483136 0 3 2147483574 149 0 -2 -1
 2147483647 -1 -1 -2147483648 -2147483136 2147483647 1 1073741726 1073741824 0 -2 -1
 2147483647 -1 -1 -2147483648 -2147483136 2147483647 2 1073741727 34433 0 -2 -1
 2147483647 -1 -1 -2147483648 -2147483136 2147483647 3 -348330341 -348330242 0 -2 -1
 2147483647 -1 -1 -2147483648 -2147483136 2147483647 3 -101 -1610613480 0 -2 -1
 2147483647 -1 -1 1610612223 -2147483136 -1946157570 3 -1073741921 -1073741921 0 -2 -1
 2147483647 -1 -1 2044678075 -2147483136 -2002907238 0 2147483544 2147483611 0 -2 -1
 2147483647 -1 -1 -1123483648 -2147483136 -1123483648 3 1610612638 1610612737 0 -2 -1
 2147483647 -1 -1 2147483647 -2147483136 -2147483648 2 -101 -2147483648 0 -2 -1
 2147483647 -1 0 0 -2147483136 0 0 0 0 -1 1 0
 2147483647 -1 0 2147483647 -2147483136 -2147483648 2 1073742464 2147483647 -1 -2 0
 2147483647 -1 0 2147483647 -2147483136 -2147483648 1 -2147483648 2147483647 -1 -2 0
 1073742123 -1 0 -2147483648 512 2147483647 1 -2147483648 2147483647 -1 -2 0
 2147483647 -1 0 -2147483648 -2147483136 2147483647 2 2147483647 1126374016 -1 -2 0
 2147483647 -1 0 -2147483648 -2147483136 2147483647 1 2147483647 -1610613478 -1 -2 0
 2147483647 -1 0 2147483647 -2147483136 -2147483648 2 2147483647 -2147483648 -1 -2 0
 2147483647 -1 0 2147483647 -2147483136 -2147483648 2 2147483553 2147483645 -1 -2 -1
 2147483647 -1 0 2147483647 -2147483136 -2147483648 2 2147483584 1778385559 -1 -2 -1
 2147483647 -1 0 2147483647 -2147483136 -2147483648 1 -536871012 2147483647 -1 -2 -1
 811 -1 0 -2147483648 -2147483136 2147483647 0 -2147483617 2147483647 -1 -2 -1
 2147483647 -1 0 -1845504010 -2147483136 1543493631 2 2147483596 641 -1 -2 -1
 2147483647 -1 0 -1073743874 -2147483136 2147481599 3 2147483554 -524289 -1 -2 -1
 8388907 -1 0 0 -2147483136 0 3 2147483550 -2147467363 -1 -2 -1
 2147483647 -1 0 -2147483648 -2147483136 2147483647 1 1073741726 1073741824 -1 -2 -1
 2147483647 -1 0 -2147483648 -2147483136 2147483647 2 2147483547 1073742465 -1 -2 -1
 2147483647 -1 0 -2147483648 -2147483136 2147483647 3 -1055078 -1055043 -1 -2 -1
 2147483647 -1 0 -2147483648 -2147483136 2147483647 3 -101 -1610613480 -1 -2 -1
 2147483647 -1 0 -1379926017 -2147483136 -1916796930 3 -1073741921 -1073741921 -1 -2 -1
 2147483647 -1 0 1592782847 -2147483136 -1666191362 3 2147483545 2147483545 -1 -2 -1
 2147483647 -1 0 0 -2147483136 0 3 -536871010 -536870911 -1 -2 -1
 2147483647 -1 0 2147483647 -2147483136 -2147483648 2 -101 -2147483648 -1 -2 -1
 -2147483136 0 -1 0 2147483647 0 0 0 0 0 0 0
 0 0 0 0 0 0 0 0 0 0 0 0
 0 0 0 0 0 0 -4 0 0 0 0 0
