653 1 0 432 67 203 0 401 401 1 0 0
866 1 1 5987 18 2595 1 639 639 0 0 0
927 1 0 4902 351 2093 0 739 740 1 0 0
785 1 0 2740 421 162 3 741 741 1 0 0
681 1 0 614 482 0 0 707 757 0 2 0
868 1 1 731 361 699 1 672 690 0 2 0
1073 1 1 2223 379 752 0 435 438 2 2 0
1058 1 0 707 0 703 0 901 906 0 2 0
1113 1 0 7965 430 596 1 820 876 0 2 0
1155 1 0 603 349 514 3 816 863 1 2 0
675 -1 0 656 506 655 0 564 590 0 2 0
819 1 1 9386 518 775 1 707 726 2 2 0
757 1 1 692 581 640 1 840 841 1 2 0
1062 1 1 1941 575 682 3 872 880 1 2 0
700 1 0 575 415 -1 0 795 796 2 2 0
698 1 0 3071 59 307 0 849 904 0 2 0
927 1 1 4902 351 2093 0 739 740 1 0 0
927 1 1 4702 251 1093 0 739 740 1 0 0
653 1 0 632 167 203 0 401 401 1 0 0
698 1 0 3071 59 307 0 849 904 1 2 0
698 1 0 2071 59 307 0 849 904 1 2 0
698 1 0 2071 49 307 0 849 904 1 2 0
798 1 0 2071 49 307 0 849 904 1 2 0
798 1 1 2071 49 307 0 849 904 1 2 0
700 1 0 575 415 1 0 795 796 2 2 0
700 1 1 575 415 1 0 795 796 2 2 0
700 1 1 575 415 1 0 795 796 1 2 0
700 1 1 275 415 1 0 795 796 1 2 0
1062 1 0 1941 575 682 3 872 880 1 2 0
1062 1 0 1941 545 582 3 872 880 1 2 0
1062 1 0 1941 545 582 2 872 880 1 2 0
1062 1 0 1941 545 582 2 772 780 1 2 0
1062 1 1 1941 545 582 2 772 780 1 2 0
1062 1 0 1941 445 582 2 772 780 1 2 0
1062 1 0 1241 445 582 2 772 780 1 2 0
1062 1 0 1241 445 582 2 712 780 1 2 0
757 1 0 692 581 640 1 840 841 1 2 0
757 1 0 692 581 640 1 840 841 0 2 0
757 1 1 692 481 640 1 840 841 0 2 0
757 1 1 692 481 640 2 840 841 1 2 0
757 1 1 692 481 640 2 840 891 1 2 0