 2147483647 -1 -1 2147483647 -2147483136 -2147483648 2 1073741824 2147483647 0 1 0
 2147483647 -1 -1 2147483647 -2147483136 -2147483648 2 -2147483648 2147483647 0 1 0
 1073742123 -1 -1 -2147483648 512 2147483647 1 -2147483648 2147483647 0 1 0
 2147483647 -1 -1 -2147483648 -2147483136 2147483647 0 2147483647 1073742224 0 1 0
 2147483647 -1 -1 -2147483648 -2147483136 2147483647 2 2147483647 -2147483648 0 1 0
 2147483647 -1 -1 2147483647 -2147483136 -2147483648 2 2147483647 -2147483648 0 1 0
 2147483647 -1 -1 2147483647 -2147483136 -2147483648 2 2147483600 2147483647 0 1 -1
 2147483647 -1 -1 2147483647 -2147483136 -2147483648 1 -1073741924 2147483647 0 1 -1
 811 -1 -1 -2147483648 -2147483136 2147483647 2 -8254564 2147483647 0 1 -1
 2147483647 -1 -1 -2147483648 -2147483136 2147483647 0 2147483547 1073742224 0 1 -1
 2147483647 -1 -1 -2147483648 -2147483136 2147483647 3 -101 -2147483648 0 1 -1
 2147483647 -1 -1 2147483647 -2147483136 -2147483648 1 2147483547 -2147483648 0 1 -1
 2147483647 -1 -1 2147483647 -2147483136 -2147483648 2 536870912 2147483647 0 -2 0
 2147483647 -1 -1 2147483647 -2147483136 -2147483648 2 -2147483648 2147483647 0 -2 0
 1073742123 -1 -1 -2147483648 512 2147483647 1 -2147483648 2147483647 0 -2 0
 2147483647 -1 -1 -2147483648 -2147483136 2147483647 0 2147483647 1073742224 0 -2 0
 2147483647 -1 -1 -2147483648 -2147483136 2147483647 2 2147483647 -2147483648 0 -2 0
 2147483647 -1 -1 2147483647 -2147483136 -2147483648 2 2147483647 -2147483648 0 -2 0
 2147483647 -1 -1 2147483647 -2147483136 -2147483648 0 2147483584 2147483647 0 -2 -1
 2147483647 -1 -1 2147483647 -2147483136 -2147483648 1 -2139095140 2147483647 0 -2 -1
 268435755 -1 -1 1073741824 -2147483136 2147483647 2 -4194404 2147483647 0 -2 -1
 2147483647 -1 -1 -2147483648 -2147483136 2147483647 2 2147483547 1073742224 0 -2 -1
 2147483647 -1 -1 -2147483648 -2147483136 2147483647 1 -101 -2147483648 0 -2 -1
 2147483647 -1 -1 2147483647 -2147483136 -2147483648 1 2147483547 -2147483648 0 -2 -1
 2147483647 -1 0 0 -2147483136 0 0 0 0 -1 1 0
 2147483647 -1 0 2147483647 -2147483136 -2147483648 2 536870912 2147483647 -1 -2 0
 2147483647 -1 0 2147483647 -2147483136 -2147483648 2 -2147483648 2147483647 -1 -2 0
 1073742123 -1 0 -2147483648 512 2147483647 1 -2147483648 2147483647 -1 -2 0
 2147483647 -1 0 -2147483648 -2147483136 2147483647 0 2147483647 1073742224 -1 -2 0
 2147483647 -1 0 -2147483648 -2147483136 2147483647 2 2147483647 -2147483648 -1 -2 0
 2147483647 -1 0 2147483647 -2147483136 -2147483648 2 2147483647 -2147483648 -1 -2 0
 2147483647 -1 0 2147483647 -2147483136 -2147483648 2 2147483600 2147483647 -1 -2 -1
 2147483647 -1 0 2147483647 -2147483136 -2147483648 1 -1073741924 2147483647 -1 -2 -1
 134218027 -1 0 -2147483648 -2147483136 2147483647 2 -8257636 2147483647 -1 -2 -1
 2147483647 -1 0 -2147483648 -2147483136 2147483647 2 2147483547 1073742224 -1 -2 -1
 2147483647 -1 0 -2147483648 -2147483136 2147483647 0 -101 -2147483648 -1 -2 -1
 2147483647 -1 0 2147483647 -2147483136 -2147483648 1 2147483547 -2147483648 -1 -2 -1
 -2147483136 0 -1 0 2147483647 0 0 0 0 0 0 0
 0 0 0 0 0 0 0 0 0 0 0 0
 0 0 0 0 0 0 -4 0 0 0 0 0
