911 1 1 4194 242 4667 1 401 399 1 1 1
953 1 1 682 24 2477 2 739 399 1 1 0
783 1 0 4006 586 1219 0 501 740 0 1 1
822 1 0 5034 541 2582 2 740 740 0 1 0
779 1 0 4175 94 5280 1 739 499 0 1 1
848 1 1 2141 138 2142 1 500 399 1 1 0
982 1 1 927 524 5556 2 500 501 1 1 1
677 1 0 4864 257 5470 1 501 399 0 1 0
725 1 1 2766 354 4811 3 641 501 1 1 0
698 1 1 4165 477 5526 2 641 500 1 1 0
627 1 0 151 446 1983 3 401 500 0 1 1
1022 1 1 554 320 598 2 914 494 2 1 0
1074 1 0 0 305 666 3 306 356 0 1 1
639 1 0 8459 370 678 1 737 810 0 1 0
746 1 0 653 345 667 3 386 153 0 1 0
925 1 1 625 491 584 0 421 592 1 1 1
1046 1 0 531 505 557 2 261 0 0 1 0
841 1 0 0 351 719 3 485 0 0 1 0
1079 1 1 631 547 663 2 401 314 4 1 0
734 1 1 533 30 545 3 765 621 1 1 1
675 1 0 300 0 424 3 600 500 0 1 0
675 1 0 300 0 424 2 600 500 0 1 1
611 1 0 1142 511 4704 2 740 500 0 1 1