958 1 1 2597 574 4253 0 399 400 0 0 1
699 1 1 619 432 912 2 740 639 0 1 0
653 1 0 432 67 203 0 401 401 1 0 0
753 1 0 3203 448 1667 0 501 641 0 0 0
867 1 1 1874 201 4704 0 499 499 1 0 1
833 1 1 927 145 2642 2 641 501 1 0 1
817 1 0 973 245 3280 3 740 640 1 0 1
654 1 1 2133 113 442 3 641 741 0 0 0
702 1 1 3653 250 423 1 401 501 0 0 0
918 1 0 818 542 1868 2 639 639 0 0 1
741 1 1 966 413 2508 3 741 641 1 0 0
927 1 0 4902 351 2093 0 739 740 1 0 0
897 1 1 1701 109 3438 1 641 401 0 1 0
745 1 1 5728 191 2829 1 401 640 0 1 0
897 1 1 2226 306 3860 3 740 641 0 0 1
743 1 1 3478 260 1672 1 400 499 1 0 0
998 1 0 2921 563 904 1 499 641 1 0 0
772 1 1 2007 377 416 1 401 639 1 0 1
622 1 1 3661 13 223 1 499 739 0 1 0
928 1 1 380 232 5117 1 740 499 0 0 0
808 1 1 946 546 661 1 400 640 0 1 0
782 1 1 513 224 5295 0 641 639 0 1 0
722 1 1 1415 245 316 0 401 739 0 0 1
644 1 1 1986 596 2448 0 741 400 1 0 0
757 1 1 319 51 300 1 401 741 0 1 0
852 1 1 1399 347 1245 1 400 641 0 0 0
997 1 0 4466 100 4610 1 639 400 1 0 1
735 1 0 2792 119 224 3 739 739 0 0 0
679 1 1 541 338 5123 0 641 641 1 0 1
928 1 1 3716 536 1907 2 501 639 1 0 0
681 1 0 614 482 0 0 707 757 0 2 0
1093 1 1 0 580 750 1 678 447 0 2 0
775 1 1 0 506 596 0 906 685 0 2 1
837 1 1 711 452 726 2 593 506 2 2 1
787 1 1 0 293 597 0 726 686 1 2 1
1184 1 1 4983 523 689 0 653 938 0 1 1
1118 1 1 712 261 735 1 423 450 0 1 1
1073 1 1 2223 379 752 0 435 438 2 2 0
795 1 -1 538 325 601 2 702 634 0 1 1
782 1 0 729 462 0 1 449 818 0 2 1
999 1 0 0 447 610 1 511 464 1 2 0
784 1 0 0 365 732 0 611 624 2 2 1
981 1 1 459 317 590 2 533 544 2 2 1
922 1 0 583 576 558 1 435 474 1 2 0
675 -1 0 656 506 655 0 564 590 0 2 0
890 1 0 3344 502 537 1 417 578 0 2 0
623 -1 0 683 461 732 3 634 671 0 2 1
850 1 0 187 443 542 0 410 407 4 2 0
650 1 1 0 197 701 0 682 711 0 2 -1
679 1 1 541 338 5123 0 641 641 0 0 1
644 1 1 1886 596 2348 0 741 400 1 0 0
722 1 1 1415 245 316 0 401 739 0 0 0
722 1 1 1415 275 316 0 401 799 0 0 0
782 1 1 513 224 5295 0 641 639 0 1 1
782 1 1 413 224 4295 0 641 639 0 1 1
927 1 1 4902 351 2093 0 739 740 1 0 0
927 1 1 4702 251 1093 0 739 740 1 0 0
867 1 1 1774 101 2204 0 499 499 1 0 1
867 1 1 1674 101 2104 0 499 499 1 0 1
653 1 0 3203 448 1267 0 541 641 0 0 0
653 1 0 3203 448 1267 0 541 641 1 0 0
653 1 0 632 167 203 0 401 401 1 0 0
958 1 1 2297 574 4253 0 399 400 0 0 1
644 1 1 1986 596 2448 0 741 400 1 0 1
644 1 0 1986 596 2448 0 741 400 1 0 1
644 1 0 1786 596 2448 0 741 400 1 0 1
644 1 0 1786 596 2248 0 741 400 1 0 1
644 1 0 1786 596 2248 0 721 400 1 0 1
624 1 0 1786 596 2248 0 721 400 1 0 1
624 1 0 1786 496 2248 0 721 400 1 0 1
624 1 0 1286 496 2248 0 721 400 1 0 1
624 1 0 1086 496 2248 0 721 400 1 0 1
604 1 0 1086 496 2248 0 721 400 1 0 1
604 1 0 1086 496 1248 0 721 400 1 0 1
604 1 0 1086 396 1248 0 721 400 1 0 1
958 1 0 2597 574 4253 0 399 400 0 0 1
958 1 0 2597 574 4253 0 379 400 0 0 1
958 1 0 2597 574 4253 0 379 400 1 0 1
958 1 0 2597 574 3253 0 379 400 1 0 1
958 1 0 2597 474 3253 0 379 400 1 0 1
958 1 0 2597 474 3253 0 379 400 0 0 1
958 1 1 2597 574 4253 0 399 400 0 0 1
700 1 1 275 415 1 0 695 796 1 2 0
800 1 1 275 415 1 0 695 796 1 2 0
758 1 1 2597 574 4253 0 399 400 0 0 1
1058 1 1 2597 574 4253 0 399 400 0 0 1
1058 1 1 2597 574 3253 0 399 400 0 0 1
1058 1 1 2597 274 3253 0 399 400 0 0 1
1058 1 0 2597 274 3253 0 399 400 0 0 1
1058 1 0 2597 174 3253 0 399 400 0 0 1
1058 1 0 1597 174 3253 0 399 400 0 0 1
1058 1 0 1597 174 4253 0 399 400 0 0 1
1058 1 0 1597 174 7253 0 399 400 0 0 1
604 1 0 1086 496 8248 0 721 400 1 0 1
604 1 0 1086 196 8248 0 721 400 1 0 1
604 1 0 1111 196 8248 0 721 400 1 0 1
604 1 0 1111 196 8248 0 721 400 0 0 0
604 1 0 911 196 8248 0 721 400 0 0 0
604 1 0 911 96 8248 0 721 400 0 0 0
604 1 1 911 96 8248 0 721 400 1 0 1
1058 1 0 1597 174 3253 0 399 400 1 0 1
1058 1 0 597 174 3253 0 399 400 1 0 1
958 1 0 597 174 3253 0 399 400 1 0 1
958 1 0 597 64 3253 0 399 400 1 0 1
958 1 0 497 64 3253 0 399 400 1 0 1
1058 1 0 997 174 7253 0 399 400 0 0 1
1058 1 0 997 174 7253 0 329 400 0 0 1
1034 1 0 433 200 245 0 565 765 0 0 1
1034 1 0 433 200 245 0 565 665 0 0 1
1034 1 0 433 200 245 0 565 665 1 0 1
634 1 1 633 200 535 0 565 795 0 1 1
634 1 0 633 200 535 0 565 795 1 0 1
634 1 0 633 300 535 0 665 795 0 0 1
634 1 1 633 300 535 0 665 795 0 1 1
634 1 1 633 100 535 0 665 795 0 1 1
634 1 1 633 100 535 0 665 795 0 1 0
634 1 0 633 100 535 0 665 795 1 0 0
634 1 0 633 500 535 0 665 795 1 0 0
634 1 0 633 500 335 0 665 795 1 0 0
934 1 1 233 500 335 0 845 400 0 1 1
934 1 1 233 100 335 0 845 400 0 1 1
634 1 1 233 100 335 0 845 400 0 1 1
634 1 1 233 100 335 0 445 400 0 1 1
634 1 1 233 400 335 0 445 400 0 1 1
634 1 1 233 400 235 0 445 400 0 1 1
634 1 1 233 400 234 0 445 400 0 1 1
934 1 0 233 500 335 0 845 400 1 0 1
934 1 0 233 100 335 0 845 400 0 0 1
634 1 0 233 100 335 0 845 400 0 0 1
634 1 0 233 100 335 0 445 400 1 0 1
634 1 0 233 400 335 0 445 400 0 0 1
634 1 0 233 400 235 0 445 400 0 0 1
634 1 0 233 400 234 0 445 400 1 0 1
634 1 0 633 200 535 2 565 795 1 0 1
934 1 0 433 400 234 0 445 550 1 0 1
934 1 1 433 400 234 0 445 550 0 1 1
934 1 1 433 400 234 0 445 550 0 1 0
634 1 1 433 500 234 0 445 550 0 1 1
634 1 0 433 500 234 0 445 550 1 0 1
634 1 0 433 500 334 0 445 550 1 0 1
634 1 0 633 300 535 3 665 795 0 0 1
634 1 1 633 300 535 3 665 795 0 1 1
634 1 1 633 100 535 3 665 795 0 1 1
634 1 1 633 100 535 3 665 795 0 1 0
634 1 0 633 100 535 3 665 795 1 0 0
634 1 0 633 500 535 3 665 795 1 0 0
634 1 0 633 500 335 3 665 795 1 0 0
934 1 0 433 400 234 0 445 550 1 0 0
934 1 0 433 200 234 0 445 550 1 0 0
934 1 0 433 200 234 0 445 550 0 0 0
601 1 0 502 100 602 0 500 400 1 0 0
601 1 0 502 200 602 0 599 400 1 0 1
601 1 0 502 200 602 0 599 400 0 0 1
901 1 0 502 200 602 0 599 400 0 0 0
901 1 1 502 200 602 0 599 400 0 1 0
901 1 1 502 200 503 0 401 400 0 1 0
901 1 1 502 200 503 0 401 400 0 1 1
901 1 1 502 200 503 0 301 400 0 1 1
901 1 1 502 200 203 1 401 500 0 1 0
901 1 0 502 200 303 1 401 500 0 0 0
675 1 0 300 599 424 0 500 400 1 0 1
675 1 0 300 599 424 0 400 400 0 0 1
675 1 1 300 0 424 2 600 500 0 1 1
675 1 1 300 0 424 0 600 500 0 1 1
634 1 1 633 500 335 3 665 795 0 1 1
634 1 1 633 500 335 0 665 795 0 1 1
634 1 1 733 500 335 0 665 795 0 1 1
