 2147483647 -1 -1 2147483647 -2147483136 -2147483648 2 1073742464 2147483647 0 1 0
 2147483647 -1 -1 2147483647 -2147483136 -2147483648 3 -2147467264 2147483647 0 1 0
 1073742123 -1 -1 -2147483648 512 2147483647 1 -2147483648 2147483647 0 1 0
 2147483647 -1 -1 -2147483648 -2147483136 2147483647 3 2147483647 1073742572 0 1 0
 2147483647 -1 -1 -2147483648 -2147483136 2147483647 3 2147483647 -1610613478 0 1 0
 2147483647 -1 -1 2147483647 -2147483136 -2147483648 0 2147483647 -2147483648 0 1 0
 2147483647 -1 -1 2147483647 -2147483136 -2147483648 3 2147483628 2147483647 0 1 -1
 2147483647 -1 -1 2147483647 -2147483136 -2147483648 1 -1071643876 2147483647 0 1 -1
 811 -1 -1 -2147483648 -2147483136 2147483647 2 -8254564 2147483647 0 1 -1
 2147483647 -1 -1 -1073741824 -2147483136 -1 0 2147483451 8593 0 1 -1
 2147483647 -1 -1 -2147483648 -2147483136 2147483647 0 2147483547 -1610613478 0 1 -1
 2147483647 -1 -1 2147483647 -2147483136 -2147483648 0 -1073741921 -2147483648 0 1 -1
 2147483647 -1 -1 2147483647 -2147483136 -2147483648 2 1073742464 2147483647 0 -2 0
 2147483647 -1 -1 2147483647 -2147483136 -2147483648 1 -2147483648 2147483647 0 -2 0
 1073742123 -1 -1 -2147483648 512 2147483647 1 -2147483648 2147483647 0 -2 0
 2147483647 -1 -1 -2147483648 -2147483136 2147483647 3 2147483647 1610613500 0 -2 0
 2147483647 -1 -1 -2147483648 -2147483136 2147483647 1 2147483647 -1610613478 0 -2 0
 2147483647 -1 -1 2147483647 -2147483136 -2147483648 0 2147483647 -2147483648 0 -2 0
 2147483647 -1 -1 2147483647 -2147483136 -2147483648 3 2147483628 2147483647 0 -2 -1
 2147483647 -1 -1 2147483647 -2147483136 -2147483648 1 -1071643876 2147483647 0 -2 -1
 268435755 -1 -1 1073741824 -2147483136 2147483647 2 -4194404 2147483647 0 -2 -1
 2147483647 -1 -1 -1073741824 -2147483136 -1 0 2147483423 8593 0 -2 -1
 2147483647 -1 -1 -2147483648 -2147483136 2147483647 0 2147483547 -1610613478 0 -2 -1
 2147483647 -1 -1 2147483647 -2147483136 -2147483648 2 -33554529 -2147483648 0 -2 -1
 2147483647 -1 0 0 -2147483136 0 0 0 0 -1 1 0
 2147483647 -1 0 2147483647 -2147483136 -2147483648 2 1073742464 2147483647 -1 -2 0
 2147483647 -1 0 2147483647 -2147483136 -2147483648 1 -2147483648 2147483647 -1 -2 0
 1073742123 -1 0 -2147483648 512 2147483647 1 -2147483648 2147483647 -1 -2 0
 2147483647 -1 0 -2147483648 -2147483136 2147483647 0 2147483647 1075839996 -1 -2 0
 2147483647 -1 0 -2147483648 -2147483136 2147483647 1 2147483647 -1610613478 -1 -2 0
 2147483647 -1 0 2147483647 -2147483136 -2147483648 0 2147483647 -2147483648 -1 -2 0
 2147483647 -1 0 2147483647 -2147483136 -2147483648 3 2147483628 2147483647 -1 -2 -1
 2147483647 -1 0 2147483647 -2147483136 -2147483648 1 -536871012 2147483647 -1 -2 -1
 134218027 -1 0 -2147483648 -2147483136 2147483647 2 -8257636 2147483647 -1 -2 -1
 2147483647 -1 0 -1073741824 -2147483136 -1 0 2147483535 8593 -1 -2 -1
 2147483647 -1 0 -2147483648 -2147483136 2147483647 0 2147483547 -1610613478 -1 -2 -1
 2147483647 -1 0 2147483647 -2147483136 -2147483648 2 -1073741921 -2147483648 -1 -2 -1
 -2147483136 0 -1 0 2147483647 0 0 0 0 0 0 0
 0 0 0 0 0 0 0 0 0 0 0 0
 0 0 0 0 0 0 -4 0 0 0 0 0
