0 0 0 0 0 0 0 0 0 0 0 0
0 1 0 0 0 0 0 0 0 0 0 0
0 602 0 0 601 0 0 0 0 0 0 0
0 0 1 0 601 0 0 0 0 0 0 0
0 2 1 0 0 0 0 0 0 0 0 0
0 603 602 0 601 0 0 0 0 0 0 0
651 653 652 0 0 0 0 0 0 0 0 0
651 652 0 0 0 0 0 0 0 0 0 0
651 653 652 0 0 0 0 0 0 0 1 0
651 652 0 0 0 0 0 0 0 0 1 0
651 654 653 0 0 0 0 0 0 652 1 0
651 654 653 0 0 0 0 0 0 0 1 652
651 655 654 0 0 0 0 0 0 0 653 652
651 654 0 0 0 0 0 0 0 0 653 652
651 654 653 0 0 0 0 0 100 0 1 652
651 653 652 0 0 0 0 0 -1 0 1 0
651 655 654 0 0 0 0 0 100 0 653 652
651 654 653 0 0 0 0 0 -1 0 652 0
651 654 0 0 0 0 0 0 100 0 653 652
651 653 0 0 0 0 0 0 -1 0 652 0
651 654 653 0 0 1 0 0 0 0 1 652
651 654 653 1 0 0 0 -100 0 0 1 652
651 653 652 0 0 1 0 1 0 0 1 0
651 653 652 1 0 0 0 0 0 0 1 0
651 655 654 0 0 1 0 0 0 0 653 652
651 655 654 1 0 0 0 -100 0 0 653 652
651 654 653 0 0 1 0 1 0 0 652 0
651 654 653 1 0 0 0 0 0 0 652 0
651 654 0 0 0 1 0 0 0 0 653 652
651 654 0 1 0 0 0 -100 0 0 653 652
651 653 0 0 0 1 0 1 0 0 652 0
651 653 0 1 0 0 0 0 0 0 652 0
651 654 653 0 0 1 0 301 400 0 1 652
651 654 653 1 0 0 0 400 500 0 1 652
651 653 652 0 0 1 0 401 400 0 1 0
651 653 652 1 0 0 0 400 400 0 1 0
651 655 654 0 0 1 0 301 400 0 653 652
651 655 654 1 0 0 0 400 500 0 653 652
651 654 653 0 0 1 0 401 400 0 652 0
651 654 653 1 0 0 0 400 400 0 652 0
651 654 0 0 0 1 0 301 400 0 653 652
651 654 0 1 0 0 0 400 500 0 653 652
651 653 0 0 0 1 0 401 400 0 652 0
651 653 0 1 0 0 0 400 400 0 652 0
