 2147483647 -1 -1 2147483647 -2147483136 -2147483648 2 100663936 2004877953 0 1 0
 2147483647 -1 -1 2147483647 -2147483136 -2147483648 2 1140851360 1140851360 0 1 0
 2147483647 -1 -1 2147483647 -2147483136 -2147483648 3 -2147467264 1073892461 0 1 0
 2147483647 -1 -1 2147483647 -2147483136 -2147483648 3 -2147483099 -2147483099 0 1 0
 1073742123 -1 -1 -2147483648 -2147483136 2147483647 2 -1073776642 2147450879 0 1 0
 2147483647 -1 -1 -1073741826 -2147483136 2147483647 2 1073742465 1073742465 0 1 0
 2147483647 -1 -1 -1308360706 -2147483136 1922039807 1 -2045835176 -2045835176 0 1 0
 65835 -1 -1 0 -2147483136 0 0 -805306368 -805306368 0 1 0
 2147483647 -1 -1 -2147483648 -2147483136 2147483647 2 2147483647 1678111360 0 1 0
 2147483647 -1 -1 -2147483648 -2147483136 2147483647 1 2147483647 -1610613478 0 1 0
 2147483647 -1 -1 2147483647 -2147483136 -2147483648 2 2147483647 -2147483648 0 1 0
 2147483647 -1 -1 2147483647 -2147483136 -2147483648 2 1342242752 1879375909 0 1 -1
 2147483647 -1 -1 2147483647 -2147483136 -2147483648 2 1073742464 1073742564 0 1 -1
 2147483647 -1 -1 2147483647 -2147483136 -2147483648 1 -1878786146 268697607 0 1 -1
 2147483647 -1 -1 2147483647 -2147483136 -2147483648 1 -100 0 0 1 -1
 1073742123 -1 -1 -2147483648 -2147483136 2147483647 2 -1073741910 1073741839 0 1 -1
 2147483647 -1 -1 -2120191810 -2147483136 1710289855 2 1606926304 1606926404 0 1 -1
 2147483647 -1 -1 -1940520962 -2147483136 1861746687 0 2147483551 -2147483645 0 1 -1
 1073742123 -1 -1 0 -2147483136 0 1 2147483600 -2147483596 0 1 -1
 2147483647 -1 -1 -2147483648 -2147483136 2147483647 2 2145386399 268436099 0 1 -1
 2147483647 -1 -1 -2147483648 -2147483136 2147483647 1 2147483551 -2147483646 0 1 -1
 2147483647 -1 -1 2147483647 -2147483136 -2147483648 1 2147483547 -2147483648 0 1 -1
 2147483647 -1 -1 2147483647 -2147483136 -2147483648 2 1073742464 1619001985 0 -2 0
 2147483647 -1 -1 2147483647 -2147483136 -2147483648 2 1140851360 1140851360 0 -2 0
 2147483647 -1 -1 2147483647 -2147483136 -2147483648 3 -2147483648 1073875565 0 -2 0
 2147483647 -1 -1 2147483647 0 -2147483648 3 692 692 0 -2 0
 1073742123 -1 -1 -2147483648 -2147483136 2147483647 2 -1073774850 2147450879 0 -2 0
 2147483647 -1 -1 -1073741826 -2147483136 2147483647 2 1073742465 1073742465 0 -2 0
 2147483647 -1 -1 -1404026882 -2147483136 1868447743 1 -2075509680 -2075509680 0 -2 0
 65835 -1 -1 0 -2147483136 0 0 -805306368 -805306368 0 -2 0
 2147483647 -1 -1 -2147483648 -2147483136 2147483647 2 2147483647 1107565216 0 -2 0
 2147483647 -1 -1 -2147483648 -2147483136 2147483647 1 2147483647 -1610613478 0 -2 0
 2147483647 -1 -1 2147483647 -2147483136 -2147483648 2 2147483647 -2147483648 0 -2 0
 2147483647 -1 -1 2147483647 -2147483136 -2147483648 2 1342242752 1879375909 0 -2 -1
 2147483647 -1 -1 2147483647 -2147483136 -2147483648 2 1073742464 1073742564 0 -2 -1
 2147483647 -1 -1 2147483647 -2147483136 -2147483648 2 -1876688982 270794767 0 -2 -1
 2147483647 -1 -1 2147483647 -2147483136 -2147483648 1 -98 2 0 -2 -1
 1073742123 -1 -1 -2147483648 -2147483136 2147483647 2 -1073741910 1073741839 0 -2 -1
 2147483647 -32771 -4097 -1828562946 -2080373248 1405016063 3 1906573301 1906573401 0 -18 -1
 2147483647 -1 -1 -2055208322 -2147483136 1202143871 1 24 124 0 -2 -1
 811 -1 -1 0 -2147483136 0 1 2147483600 -2147483596 0 -2 -1
 2147483647 -1 -1 -2147483648 -2147483136 2147483647 2 2147450783 268566530 0 -2 -1
 2147483647 -1 -1 -2147483648 -2147483136 2147483647 0 -1073741921 -1610613478 0 -2 -1
 2147483647 -1 -1 2147483647 -2147483136 -2147483648 1 2147483547 -2147483648 0 -2 -1
 2147483647 -1 0 0 -2147483136 0 0 0 0 -1 1 0
 2147483647 -1 0 2147483647 -2147483136 -2147483648 2 1073742464 1619001985 -1 -2 0
 2147483647 -1 0 2147483647 -2147483136 -2147483648 2 1140853408 1140853408 -1 -2 0
 2147483647 -1 0 2147483647 0 -2147483648 3 -2147483648 1090659695 -1 -2 0
 2147483647 -1 0 2147483647 -2147483136 -2147483648 2 -178127618 -178127618 -1 -2 0
 1073742123 -1 0 -2147483648 -2147483136 2147483647 3 -1073774594 2147450879 -1 -2 0
 2147483647 -1 0 -1073741826 -2147483136 2147483647 2 1073742465 1073742465 -1 -2 0
 2147483647 -1 0 -1075515394 -2147483136 2146828287 1 -2040593336 -2040593336 -1 -2 0
 65835 -1 0 0 -2147483136 0 0 -805306368 -805306368 -1 -2 0
 2147483647 -1 0 -2147483648 -2147483136 2147483647 2 2147483647 1126374016 -1 -2 0
 2147483647 -1 0 -2147483648 -2147483136 2147483647 1 2147483647 -1610613478 -1 -2 0
 2147483647 -1 0 2147483647 -2147483136 -2147483648 2 2147483647 -2147483648 -1 -2 0
 2147483647 -1 0 2147483647 -2147483136 -2147483648 2 1342242752 1879375909 -1 -2 -1
 2147483647 -1 0 2147483647 -2147483136 -2147483648 2 1073742464 1073742564 -1 -2 -1
 2147483647 -1 0 2147483647 -2147483136 -2147483648 3 -1879048278 268697615 -1 -2 -1
 2147483647 -1 0 2147483647 -2147483136 -2147483648 1 -98 2 -1 -2 -1
 1073742123 -1 0 -2147483648 -2147483136 2147483647 2 -1073741910 1073741839 -1 -2 -1
 2147483647 -1 0 -1541140738 -2147483136 2125754111 2 905748436 905748536 -1 -2 -1
 2147483647 -1 0 -2130370050 -2147483136 2109176319 0 2147483574 -2147483622 -1 -2 -1
 1073742123 -1 0 0 -2147483136 0 1 2147483600 -2147483596 -1 -2 -1
 2147483647 -1 0 -2147483648 -2147483136 2147483647 2 2147450783 268435457 -1 -2 -1
 2147483647 -1 0 -2147483648 -2147483136 2147483647 0 -1073741921 -1610613478 -1 -2 -1
 2147483647 -1 0 2147483647 -2147483136 -2147483648 1 2147483547 -2147483648 -1 -2 -1
 -2147483136 0 -1 0 2147483647 0 0 0 0 0 0 0
 0 0 0 0 0 0 0 0 0 0 0 0
 0 0 0 0 0 0 -4 0 0 0 0 0
