 2147483647 -1 0 0 -2147483136 0 0 0 0 -1 1 0
 2147483647 -1 0 2147483647 -2147483136 -2147483648 2 1073742464 2147483647 -1 -2 0
 2147483647 -1 0 2147483647 -2147483136 -2147483648 1 -2147483648 2147483647 -1 -2 0
 1073742123 -1 0 -2147483648 512 2147483647 1 -2147483648 2147483647 -1 -2 0
 2147483647 -1 0 -2147483648 -2147483136 2147483647 2 2147483647 1107565216 -1 -2 0
 2147483647 -1 0 -2147483648 -2147483136 2147483647 1 2147483647 -1610613478 -1 -2 0
 2147483647 -1 0 2147483647 -2147483136 -2147483648 2 2147483647 -2147483648 -1 -2 0
 2147483647 -1 0 2147483647 -2147483136 -2147483648 3 2147483628 2147483647 -1 -2 -1
 2147483647 -1 0 2147483647 -2147483136 -2147483648 1 -1071643876 2147483647 -1 -2 -1
 268435755 -1 0 1073741824 -2147483136 2147483647 2 -4194404 2147483647 -1 -2 -1
 2147483647 -1 0 -2147483648 -2147483136 2147483647 2 2147450783 268566530 -1 -2 -1
 2147483647 -1 0 -2147483648 -2147483136 2147483647 0 -1073741921 -1610613478 -1 -2 -1
 2147483647 -1 0 2147483647 -2147483136 -2147483648 1 2147483547 -2147483648 -1 -2 -1
 2147483647 -1 -1 2147483647 -2147483136 -2147483648 2 1073742464 2147483647 0 1 0
 2147483647 -1 -1 2147483647 -2147483136 -2147483648 1 -2147483648 2147483647 0 1 0
 1073742123 -1 -1 -2147483648 512 2147483647 1 -2147483648 2147483647 0 1 0
 2147483647 -1 -1 -2147483648 -2147483136 2147483647 2 2147483647 1107565216 0 1 0
 2147483647 -1 -1 -2147483648 -2147483136 2147483647 1 2147483647 -1610613478 0 1 0
 2147483647 -1 -1 2147483647 -2147483136 -2147483648 2 2147483647 -2147483648 0 1 0
 2147483647 -1 -1 2147483647 -2147483136 -2147483648 3 2147483628 2147483647 0 1 -1
 2147483647 -1 -1 2147483647 -2147483136 -2147483648 1 -1071643876 2147483647 0 1 -1
 268435755 -1 -1 1073741824 -2147483136 2147483647 2 -4194404 2147483647 0 1 -1
 2147483647 -1 -1 -2147483648 -2147483136 2147483647 2 2147450783 268566530 0 1 -1
 2147483647 -1 -1 -2147483648 -2147483136 2147483647 0 -1073741921 -1610613478 0 1 -1
 2147483647 -1 -1 2147483647 -2147483136 -2147483648 1 2147483547 -2147483648 0 1 -1
 2147483647 -1 -1 2147483647 -2147483136 -2147483648 2 1073742464 2147483647 0 -2 0
 2147483647 -1 -1 2147483647 -2147483136 -2147483648 1 -2147483648 2147483647 0 -2 0
 1073742123 -1 -1 -2147483648 512 2147483647 1 -2147483648 2147483647 0 -2 0
 2147483647 -1 -1 -2147483648 -2147483136 2147483647 2 2147483647 1126374016 0 -2 0
 2147483647 -1 -1 -2147483648 -2147483136 2147483647 1 2147483647 -1610613478 0 -2 0
 2147483647 -1 -1 2147483647 -2147483136 -2147483648 2 2147483647 -2147483648 0 -2 0
 2147483647 -1 -1 2147483647 -2147483136 -2147483648 3 2147483628 2147483647 0 -2 -1
 2147483647 -1 -1 2147483647 -2147483136 -2147483648 1 -536871012 2147483647 0 -2 -1
 134218027 -1 -1 -2147483648 -2147483136 2147483647 2 -8257636 2147483647 0 -2 -1
 2147483647 -1 -1 -2147483648 -2147483136 2147483647 2 2147450783 268435457 0 -2 -1
 2147483647 -1 -1 -2147483648 -2147483136 2147483647 0 -1073741921 -1610613478 0 -2 -1
 2147483647 -1 -1 2147483647 -2147483136 -2147483648 1 2147483547 -2147483648 0 -2 -1
 -2147483136 0 0 0 2147483647 0 0 0 0 -1 0 0
 0 0 0 0 0 0 0 0 0 0 0 0
 0 0 0 0 0 0 -4 0 0 0 0 0
