0 0 0 0 0 0 0 0 0 0 0 0
0 0 -1 0 0 0 0 0 0 0 0 0
0 1 -1 0 0 0 0 0 0 0 0 0
601 1 1 0 0 0 0 0 0 0 0 0
601 1 1 1 0 0 0 0 0 0 2 0
601 1 1 1 0 0 0 401 401 0 2 0
601 1 1 1 0 0 0 0 -1 0 2 0
601 1 1 -1 0 0 0 0 -1 0 2 0
601 1 1 -1 0 0 0 402 401 0 2 0
601 1 1 -1 0 0 0 402 401 0 2 1
601 1 1 0 0 1 0 0 0 0 2 1
601 1 1 0 0 0 0 0 0 0 2 1
601 1 1 0 0 0 0 0 100 0 2 1
601 1 1 0 0 -1 0 0 100 0 2 1
601 1 1 0 0 -1 0 401 501 0 2 1
601 1 1 0 0 -1 0 401 501 0 1 1
601 1 1 0 0 -1 0 0 100 0 1 1
601 1 1 0 0 0 0 0 100 0 1 1
601 1 1 0 0 0 0 0 0 0 1 1
601 1 1 0 0 1 0 0 0 0 1 1
601 1 1 0 0 1 0 302 401 0 1 1
601 1 1 0 0 1 0 302 401 0 1 0
601 1 1 1 0 0 0 0 0 0 1 0
601 1 1 1 0 0 0 401 401 0 1 0
601 1 1 1 0 0 0 0 -1 0 1 0
601 1 1 -1 0 0 0 0 -1 0 1 0
601 1 1 -1 0 0 0 402 401 0 1 0
601 1 1 -1 0 0 0 402 401 1 1 0
601 1 0 -1 0 0 0 402 401 1 1 0
601 1 0 -1 0 0 0 402 401 1 0 0
601 1 0 -1 0 0 0 0 -1 1 0 0
601 1 0 0 0 0 0 0 -1 1 0 0
601 1 0 0 0 0 0 0 0 1 0 0
601 1 0 1 0 0 0 0 0 1 0 0
601 1 0 1 0 0 0 401 401 1 0 0
601 1 0 1 0 0 0 401 401 1 0 -1
601 1 0 0 0 1 0 0 0 1 0 -1
601 1 0 0 0 1 0 302 401 1 0 -1
601 1 0 0 0 1 0 0 100 1 0 -1
601 1 0 0 0 -1 0 0 100 1 0 -1
601 1 0 0 0 -1 0 401 501 1 0 -1
0 1 0 0 0 -1 0 401 501 1 0 -1
0 1 0 0 601 -1 0 401 501 1 0 -1
0 1 1 0 601 -1 0 401 501 1 0 -1
0 1 1 0 601 -1 4 401 501 1 0 -1
