0 0 0 0 0 0 0 0 0 0 0 0
0 1 0 0 0 0 0 0 0 0 0 0
0 0 0 0 601 0 0 0 0 0 0 0
0 0 602 0 601 0 0 0 0 0 0 0
0 0 1 0 0 0 0 0 0 0 0 0
601 0 0 0 0 0 0 0 0 0 0 0
601 0 0 0 0 0 0 0 0 0 1 0
601 0 0 0 0 0 0 0 0 0 603 602
601 0 0 0 0 0 0 0 -1 0 602 0
601 0 0 1 0 0 0 0 0 0 602 0
601 0 0 1 0 0 0 400 400 0 602 0
601 0 0 0 0 1 0 1 0 0 602 0
601 0 0 0 0 1 0 401 400 0 602 0
601 0 0 0 0 1 0 0 100 0 603 602
601 0 0 1 0 0 0 -100 0 0 603 602
601 0 0 1 0 0 0 400 500 0 603 602
601 0 0 0 0 1 0 0 0 0 603 602
601 0 0 0 0 1 0 301 400 0 603 602
601 0 602 0 0 1 0 301 400 0 603 602
601 0 602 0 0 1 0 301 400 0 1 602
601 0 603 0 0 1 0 301 400 0 602 0
601 0 603 0 0 1 0 0 -1 0 602 0
601 0 603 1 0 0 0 0 0 0 602 0
601 0 603 1 0 0 0 400 400 0 602 0
601 0 603 0 0 0 0 0 -1 0 602 0
601 0 603 0 0 1 0 401 400 0 602 0
601 0 604 0 0 1 0 0 100 0 603 602
601 0 604 1 0 0 0 -100 0 0 603 602
601 0 604 1 0 0 0 400 500 0 603 602
601 0 604 0 0 0 0 0 0 0 603 602
601 0 604 0 0 1 0 0 0 0 603 602
601 0 603 0 0 1 0 0 0 602 1 602
601 0 602 0 0 1 0 0 0 0 1 0
601 0 602 0 0 1 0 0 -1 0 1 0
601 0 602 1 0 0 0 0 0 0 1 0
601 0 602 1 0 0 0 400 400 0 1 0
601 0 602 0 0 0 0 0 -1 0 1 0
601 0 602 0 0 1 0 401 400 0 1 0
601 0 603 0 0 1 0 0 100 0 1 602
601 0 603 1 0 0 0 -100 0 0 1 602
601 0 603 1 0 0 0 400 500 0 1 602
601 0 603 0 0 0 0 0 0 0 1 602
601 0 603 0 0 1 0 0 0 0 1 602
601 2 1 0 0 1 0 0 0 0 1 602
601 2 0 0 0 1 0 0 0 0 1 602
601 4 0 0 0 1 0 0 0 0 3 2
601 3 0 0 0 1 0 0 -1 0 2 0
601 3 0 1 0 0 0 0 0 0 2 0
0 3 0 1 0 0 0 0 0 0 2 0
0 402 0 1 0 0 0 400 400 0 401 0
300 402 0 1 0 0 0 400 400 0 401 0
300 3 0 0 0 0 0 0 -1 0 2 0
300 403 0 0 0 1 0 401 400 0 402 0
0 403 0 0 0 1 0 401 400 0 402 0
0 3 0 0 0 1 0 1 0 0 2 0
0 103 0 0 0 1 0 0 100 0 102 101
0 4 0 1 0 0 0 -100 0 0 3 2
300 303 0 1 0 0 0 -100 0 0 302 301
0 503 0 1 0 0 0 400 500 0 502 501
300 503 0 1 0 0 0 400 500 0 502 501
300 4 0 0 0 0 0 0 0 0 3 2
300 403 0 0 0 1 0 301 400 0 402 401
0 403 0 0 0 1 0 301 400 0 402 401
0 4 0 0 0 1 0 0 0 0 3 2
0 4 3 0 0 1 0 0 0 0 2 2
0 4 3 0 0 1 0 0 0 0 2 0
0 4 3 0 0 1 0 0 -1 0 2 0
0 4 3 1 0 0 0 0 0 0 2 0
300 303 302 1 0 0 0 0 0 0 301 0
0 403 402 1 0 0 0 400 400 0 401 0
300 403 402 1 0 0 0 400 400 0 401 0
300 4 3 0 0 0 0 0 -1 0 2 0
300 404 403 0 0 1 0 401 400 0 402 0
0 404 403 0 0 1 0 401 400 0 402 0
300 303 302 0 0 1 0 1 0 0 301 0
300 104 103 0 0 1 0 0 100 0 102 101
300 5 4 1 0 0 0 -100 0 0 3 2
0 5 4 1 0 0 0 -100 0 0 3 2
0 504 503 1 0 0 0 400 500 0 502 501
300 504 503 1 0 0 0 400 500 0 502 501
300 5 4 0 0 0 0 0 0 0 3 2
300 404 403 0 0 1 0 301 400 0 402 401
0 404 403 0 0 1 0 301 400 0 402 401
300 304 303 0 0 1 0 0 0 0 302 301
300 4 3 0 0 1 0 0 0 2 1 301
300 3 2 0 0 1 0 0 0 0 1 0
300 3 2 0 0 1 0 0 -1 0 1 0
300 3 2 1 0 0 0 0 0 0 1 0
0 3 2 1 0 0 0 0 0 0 1 0
0 402 401 1 0 0 0 400 400 0 1 0
300 402 401 1 0 0 0 400 400 0 1 0
300 3 2 0 0 0 0 0 -1 0 1 0
300 403 402 0 0 1 0 401 400 0 1 0
0 403 402 0 0 1 0 401 400 0 1 0
0 3 2 0 0 1 0 1 0 0 1 0
0 103 102 0 0 1 0 0 100 0 1 101
0 4 3 1 0 0 0 -100 0 0 1 2
300 303 302 1 0 0 0 -100 0 0 1 301
0 503 502 1 0 0 0 400 500 0 1 501
300 503 502 1 0 0 0 400 500 0 1 501
300 4 3 0 0 0 0 0 0 0 1 2
300 403 402 0 0 1 0 301 400 0 1 401
0 403 402 0 0 1 0 301 400 0 1 401
0 4 3 0 0 1 0 0 0 0 1 2
