 -2147483136 0 -1 0 2147483647 0 2 0 0 0 0 0
 0 0 0 0 0 0 0 0 0 0 0 0
 2147483647 0 -1 2147483647 -2147483136 -2147483648 2 1073742464 2147483647 0 1 0
 2147483647 0 -1 2147483647 -2147483136 -2147483648 3 -2147483648 2147483647 0 1 0
 1073742123 0 -1 -2147483648 512 2147483647 1 -2147483648 2147483647 0 1 0
 2147483647 0 -1 -2147483648 -2147483136 2147483647 2 2147483647 507668096 0 1 0
 2147483647 0 -1 -2147483648 -2147483136 2147483647 1 2147483647 -1610613478 0 1 0
 2147483647 0 -1 2147483647 -2147483136 -2147483648 2 2147483647 -2147483648 0 1 0
 2147483647 0 -1 2147483647 -2147483136 -2147483648 3 2147483628 2147483647 0 1 -1
 2147483647 0 -1 2147483647 -2147483136 -2147483648 1 -1071643876 2147483647 0 1 -1
 67109163 0 -1 -2147483648 -2147483136 2147483647 2 -8257636 2147483647 0 1 -1
 2147483647 0 -1 -2147483648 -2147483136 2147483647 2 2147475359 272891905 0 1 -1
 2147483647 0 -1 -2147483648 -2147483136 2147483647 3 2147483551 -2147483646 0 1 -1
 2147483647 0 -1 2147483647 -2147483136 -2147483648 1 2147483547 -2147483648 0 1 -1
 2147483647 0 -1 2147483647 -2147483136 -2147483648 2 1073742464 2147483647 0 -2 0
 2147483647 0 -1 2147483647 -2147483136 -2147483648 3 -2147467264 2147483647 0 -2 0
 1073742123 0 -1 -2147483648 512 2147483647 1 -2147483648 2147483647 0 -2 0
 2147483647 0 -1 -2147483648 -2147483136 2147483647 2 2147483647 1678111360 0 -2 0
 2147483647 0 -1 -2147483648 -2147483136 2147483647 1 2147483647 -1610613478 0 -2 0
 2147483647 0 -1 2147483647 -2147483136 -2147483648 2 2147483647 -2147483648 0 -2 0
 2147483647 0 -1 2147483647 -2147483136 -2147483648 3 2147483628 2147483647 0 -2 -1
 2147483647 0 -1 2147483647 -2147483136 -2147483648 1 -1071643876 2147483647 0 -2 -1
 811 0 -1 -2147483648 -2147483136 2147483647 2 -8254564 2147483647 0 -2 -1
 2147483647 0 -1 -2147483648 -2147483136 2147483647 2 2145386399 268436099 0 -2 -1
 2147483647 0 -1 -2147483648 -2147483136 2147483647 1 2147483551 -2147483646 0 -2 -1
 2147483647 0 -1 2147483647 -2147483136 -2147483648 1 2147483547 -2147483648 0 -2 -1
 2147483647 0 0 0 -2147483136 0 0 0 0 -1 1 0
 2147483647 0 0 2147483647 -2147483136 -2147483648 2 1073742464 2147483647 -1 -2 0
 2147483647 0 0 2147483647 -2147483136 -2147483648 1 -2147483648 2147483647 -1 -2 0
 2147483647 0 0 0 0 0 0 0 0 0 0 0
 2147483647 0 0 -2147483648 -2147483136 2147483647 2 2147483647 1107565216 -1 -2 0
 2147483647 0 0 -2147483648 -2147483136 2147483647 1 2147483647 -1610613478 -1 -2 0
 2147483647 0 0 2147483647 -2147483136 -2147483648 2 2147483647 -2147483648 -1 -2 0
 2147483647 0 0 2147483647 -2147483136 -2147483648 3 2147483628 2147483647 -1 -2 -1
 2147483647 0 0 2147483647 -2147483136 -2147483648 1 -1071643876 2147483647 -1 -2 -1
 268435755 0 0 1073741824 -2147483136 2147483647 2 -4194404 2147483647 -1 -2 -1
 2147483647 0 0 -2147483648 -2147483136 2147483647 2 2147450783 268566530 -1 -2 -1
 2147483647 0 0 -2147483648 -2147483136 2147483647 0 -1073741921 -1610613478 -1 -2 -1
 2147483647 0 0 2147483647 -2147483136 -2147483648 1 2147483547 -2147483648 -1 -2 -1
 2147483644 -1 -1 2147483647 0 -2147483648 2 536871552 2147483647 0 1 0
 2147483644 -1 -1 2147483647 0 -2147483648 1 -2147483648 2147483647 0 1 0
 -2147483392 -1 -1 2147483647 0 -2147483648 3 -2146959360 2147483647 0 1 0
 -2147483392 -1 -1 2147483647 0 -2147483648 2 1073742464 2147483647 0 1 0
 0 -1 -1 -2147483648 0 2147483647 0 -2147483648 2147483647 0 1 0
 2147483644 -1 -1 -2147483648 0 2147483647 0 2147483647 16778129 0 1 0
 -2147483392 -1 -1 -2147483648 0 2147483647 0 2147483647 1677870549 0 1 0
 2147483644 -1 -1 -2147483648 0 2147483647 3 2147483647 -1610613478 0 1 0
 -2147483392 -1 -1 -2147483648 0 2147483647 1 2147483647 -1610613478 0 1 0
 0 -1 -1 2147483647 0 -2147483648 2 2147483647 -2147483648 0 1 0
 2147483644 -1 -1 2147483647 0 -2147483648 3 2147483588 2147483647 0 1 -1
 2147483644 -1 -1 2147483647 0 -2147483648 1 -2139618532 2147483647 0 1 -1
 -2147483392 -1 -1 2147483647 0 -2147483648 1 -1073684580 2147483647 0 1 -1
 -2147483392 -1 -1 2147483647 0 -2147483648 0 1073742224 2147483647 0 1 -1
 0 -1 -1 -2147483648 0 2147483647 0 -100 2147483647 0 1 -1
 2147483644 -1 -1 -2147483648 0 2147483647 3 1610612639 1610612737 0 1 -1
 -2147483392 -1 -1 -2147483648 0 2147483647 1 1073741727 134217872 0 1 -1
 2147483644 -1 -1 -2147483648 0 2147483647 3 -101 -1610613478 0 1 -1
 -2147483392 -1 -1 -2147483648 0 2147483647 3 -105 -1610613478 0 1 -1
 0 -1 -1 2147483647 0 -2147483648 1 2147483423 -2147483648 0 1 -1
 2147483644 -1 -1 2147483647 0 -2147483648 2 536871552 2147483647 0 -2 0
 2147483644 -1 -1 2147483647 0 -2147483648 1 -2147483648 2147483647 0 -2 0
 0 -1 -1 2147483647 0 -2147483648 3 -2146959360 2147483647 0 -2 0
 -2147483392 -1 -1 2147483647 0 -2147483648 2 1073742464 1610612735 0 -2 0
 0 -1 -1 -2147483648 0 2147483647 0 -2147483648 2147483647 0 -2 0
 2147483644 -1 -1 -2147483648 0 2147483647 0 2147483647 1610613713 0 -2 0
 -2147483392 -1 -1 -2147483648 0 2147483647 0 2147483647 1229390813 0 -2 0
 2147483644 -1 -1 -2147483648 0 2147483647 1 2147483647 -1610613478 0 -2 0
 -2147483392 -1 -1 -2147483648 0 2147483647 1 2147483647 -1610613478 0 -2 0
 0 -1 -1 2147483647 0 -2147483648 2 2147483647 -2147483648 0 -2 0
 2147483644 -1 -1 2147483647 0 -2147483648 3 2147483612 2147483647 0 -2 -1
 2147483644 -1 -1 2147483647 0 -2147483648 1 -2139618532 2147483647 0 -2 -1
 -2147483392 -1 -1 2147483647 0 -2147483648 1 -2146959460 2147483647 0 -2 -1
 -2147483392 -1 -1 2147483647 0 -2147483648 0 1073742224 2147483647 0 -2 -1
 0 -1 -1 -2147483648 0 2147483647 0 -100 2147483647 0 -2 -1
 2147483644 -1 -1 -2147483648 0 2147483647 1 1879048191 536871008 0 -2 -1
 -2147483392 -1 -1 -2147483648 0 2147483647 3 2013265887 1073741890 0 -2 -1
 2147483644 -1 -1 -2147483648 0 2147483647 3 -101 -1610613478 0 -2 -1
 -2147483392 -1 -1 -2147483648 0 2147483647 3 -105 -1610613478 0 -2 -1
 0 -1 -1 2147483647 0 -2147483648 1 2147483423 -2147483648 0 -2 -1
 0 -1 0 0 0 0 0 0 0 -1 1 0
 2147483644 -1 0 2147483647 0 -2147483648 2 536871552 2147483647 -1 -2 0
 2147483644 -1 0 2147483647 0 -2147483648 1 -2147483648 2147483647 -1 -2 0
 -2147483392 -1 0 2147483647 0 -2147483648 1 -2147483648 2147483647 -1 -2 0
 -2147483392 -1 0 2147483647 0 -2147483648 2 1073742464 1610612735 -1 -2 0
 0 -1 0 0 0 0 0 0 0 0 0 0
 2147483644 -1 0 -2147483648 0 2147483647 0 2147483647 1610669969 -1 -2 0
 -2147483392 -1 0 -2147483648 0 2147483647 0 2147483647 1764098520 -1 -2 0
 2147483644 -1 0 -2147483648 0 2147483647 1 2147483647 -1610613478 -1 -2 0
 -2147483392 -1 0 -2147483648 0 2147483647 1 2147483647 -1610613478 -1 -2 0
 0 -1 0 2147483647 0 -2147483648 0 2147483647 -2147483648 -1 -2 0
 2147483644 -1 0 2147483647 0 -2147483648 3 2147483556 2147483647 -1 -2 -1
 2147483644 -1 0 2147483647 0 -2147483648 1 -2139618916 2147483647 -1 -2 -1
 -2147483392 -1 0 2147483647 0 -2147483648 1 -2079850560 2147483647 -1 -2 -1
 -2147483392 -1 0 2147483647 0 -2147483648 0 1073742224 2147483647 -1 -2 -1
 0 -1 0 -2147483648 0 2147483647 0 -100 2147483647 -1 -2 -1
 2147483644 -1 0 -2147483648 0 2147483647 1 2147483543 504 -1 -2 -1
 -2147483392 -1 0 -2147483648 0 2147483647 3 1610612703 1073741890 -1 -2 -1
 2147483644 -1 0 -2147483648 0 2147483647 3 -105 -1610613478 -1 -2 -1
 -2147483392 -1 0 -2147483648 0 2147483647 3 -101 -1610613478 -1 -2 -1
 0 -1 0 2147483647 0 -2147483648 1 2147483423 -2147483648 -1 -2 -1
 0 0 0 0 0 0 -4 0 0 0 0 0
