 2147483647 -1 -1 0 -2147483136 0 0 1073742224 2147483647 0 1 0
 2147483647 -1 -1 1543503873 -2147483136 -1677721600 2 1073742560 2147483647 0 1 0
 2147483647 -1 -1 2147483647 -2147483136 -2147483648 0 -2147483648 2147483647 0 1 0
 811 -1 -1 -2147483648 -2147483136 2147483647 0 -2147483648 2147483647 0 1 0
 2147483647 -1 -1 0 0 0 2 2147483647 1073742588 0 1 0
 2147483647 -1 -1 -1459084800 -2147483136 1763189507 0 2147483647 1476396028 0 1 0
 2147483647 -1 -1 -2147483648 -2147483136 2147483647 3 2147483647 -1610613478 0 1 0
 2147483647 -1 -1 2147483647 -2147483136 -2147483648 0 2147483647 -2147483648 0 1 0
 2147483647 -1 -1 -2147483648 -2147483136 -2147483648 0 270532624 2147483647 0 1 -1
 2147483647 -1 -1 1073741829 -2147483136 -2147483644 2 2147483552 2147483647 0 1 -1
 2147483647 -1 -1 2147483647 -2147483136 -2147483648 0 -2147463268 2147483647 0 1 -1
 811 -1 -1 -2147483648 -2147483136 2147483647 0 -1056981088 2147483647 0 1 -1
 2147483647 -1 -1 -2147483648 -2147483136 -2147483648 1 2147483547 66037 0 1 -1
 2147483647 -1 -1 -2147417728 -2147483136 1476511105 0 1073742335 609 0 1 -1
 2147483647 -1 -1 -2147483648 -2147483136 2147483647 0 2147483547 -1610613478 0 1 -1
 2147483647 -1 -1 2147483647 -2147483136 -2147483648 0 -1073741921 -2147483648 0 1 -1
 2147483647 -1 -1 0 -2147483136 0 0 1073742224 2147483647 0 -2 0
 2147483647 -1 -1 1476395521 -2147483136 -1744830464 2 1073742464 2147483647 0 -2 0
 2147483647 -1 -1 2147483647 -2147483136 -2147483648 0 -2147483648 2147483647 0 -2 0
 811 -1 -1 -2147483648 -2147483136 2147483647 0 -2147483648 2147483647 0 -2 0
 2147483647 -1 -1 0 -2147483136 0 2 2147483647 320865004 0 -2 0
 2147483647 -1 -1 -1459395840 -2147483136 1766056707 1 2147483647 553649132 0 -2 0
 2147483647 -1 -1 -2147483648 -2147483136 2147483647 1 2147483647 -1610613478 0 -2 0
 2147483647 -1 -1 2147483647 -2147483136 -2147483648 0 2147483647 -2147483648 0 -2 0
 2147483647 -1 -1 -2147483648 -2147483136 -2147483648 0 270533020 2147483647 0 -2 -1
 2147483647 -1 -1 1073741837 -2147483136 -2147483644 2 1073742464 2147483647 0 -2 -1
 2147483647 -1 -1 2147483647 -2147483136 -2147483648 0 -2147430500 2147483647 0 -2 -1
 811 -1 -1 -2147483648 -2147483136 2147483647 0 -1056966628 2147483647 0 -2 -1
 2147483647 -1 -1 -2147483648 -2147483136 -2147483648 1 2147483539 66037 0 -2 -1
 2147483647 -1 -1 -1409206128 -2147483136 2080455825 0 1073744895 2145 0 -2 -1
 2147483647 -1 -1 -2147483648 -2147483136 2147483647 0 2147483547 -1610613478 0 -2 -1
 2147483647 -1 -1 2147483647 -2147483136 -2147483648 2 -33554529 -2147483648 0 -2 -1
 2147483647 -1 0 0 -2147483136 0 0 0 0 -1 1 0
 2147483647 -1 0 0 -2147483136 0 0 1073742224 2147483647 -1 -2 0
 2147483647 -1 0 1476395041 -2147483136 -1744830432 2 1073742464 2147483647 -1 -2 0
 2147483647 -1 0 2147483647 -2147483136 -2147483648 0 -2147483648 2147483647 -1 -2 0
 811 -1 0 -2147483648 -2147483136 2147483647 0 -2147483648 2147483647 -1 -2 0
 2147483647 -1 0 0 -2147483136 0 2 2147483647 278921964 -1 -2 0
 2147483647 -1 0 -1459613184 -2147483136 1769132803 0 2147483647 322962420 -1 -2 0
 2147483647 -1 0 -2147483648 -2147483136 2147483647 1 2147483647 -1610613478 -1 -2 0
 2147483647 -1 0 2147483647 -2147483136 -2147483648 0 2147483647 -2147483648 -1 -2 0
 2147483647 -1 0 -33554112 -2147483136 -33554112 0 2097036 1073741823 -1 -2 -1
 2147483647 -1 0 1073741829 -2147483136 -2147483644 2 1073742464 2147483647 -1 -2 -1
 2147483647 -1 0 2147483647 -2147483136 -2147483648 0 -2147430500 2147483647 -1 -2 -1
 811 -1 0 -2147483648 -2147483136 2147483647 0 -2130829412 2147483647 -1 -2 -1
 2147483647 -1 0 -2147483648 -2147483136 -2147483648 1 2147483483 66037 -1 -2 -1
 2147483647 -1 0 -1845419744 -2147483136 1375806369 3 1073741823 1073741921 -1 -2 -1
 2147483647 -1 0 -2147483648 -2147483136 2147483647 0 2147483547 -1610613478 -1 -2 -1
 2147483647 -1 0 2147483647 -2147483136 -2147483648 2 -1073741921 -2147483648 -1 -2 -1
 -2147483136 0 -1 0 2147483647 0 0 0 0 0 0 0
 0 0 0 0 0 0 0 0 0 0 0 0
 0 0 0 0 0 0 -4 0 0 0 0 0
