0 0 0 0 0 0 0 0 0 0 0 0
0 0 -1 0 0 0 0 0 0 0 0 0
0 1 -1 0 0 0 0 0 0 0 0 0
601 1 1 0 0 0 0 0 0 0 0 0
601 1 1 1 0 0 0 0 0 0 2 0
601 1 1 1 0 0 0 -1 0 0 2 0
601 1 1 1 0 0 0 0 -1 0 2 0
601 1 1 -1 0 0 0 0 -1 0 2 0
601 1 1 -1 0 0 0 1 0 0 2 0
601 1 1 -1 0 0 0 1 0 0 2 1
601 1 1 0 0 1 0 0 -1 0 2 1
601 1 1 0 0 0 0 0 0 0 2 1
601 1 1 0 0 0 0 0 100 0 2 1
601 1 1 0 0 -1 0 0 100 0 2 1
601 1 1 0 0 -1 0 -1 99 0 2 1
601 1 1 0 0 -1 0 -1 99 0 1 1
601 1 1 0 0 -1 0 0 100 0 1 1
601 1 1 0 0 0 0 0 100 0 1 1
601 1 1 0 0 0 0 0 0 0 1 1
601 1 1 0 0 1 0 0 0 0 1 1
601 1 1 0 0 1 0 0 -1 0 1 1
601 1 1 0 0 1 0 0 -1 0 1 0
601 1 1 -1 0 0 0 1 0 0 1 0
601 1 1 0 0 0 0 0 -1 0 1 0
601 1 1 0 0 0 0 0 0 0 1 0
601 1 1 1 0 0 0 0 0 0 1 0
601 1 1 1 0 0 0 -1 0 0 1 0
601 1 1 1 0 0 0 -1 0 1 1 0
601 1 0 1 0 0 0 -1 0 1 1 0
601 1 0 1 0 0 0 -1 0 1 0 0
601 1 0 1 0 0 0 0 0 1 0 0
601 1 0 0 0 0 0 0 0 1 0 0
601 1 0 0 0 0 0 0 -1 1 0 0
601 1 0 -1 0 0 0 0 -1 1 0 0
601 1 0 -1 0 0 0 1 0 1 0 0
601 1 0 -1 0 0 0 1 0 1 0 -1
601 1 0 0 0 1 0 0 -1 1 0 -1
601 1 0 0 0 0 0 0 0 1 0 -1
601 1 0 0 0 0 0 0 100 1 0 -1
601 1 0 0 0 -1 0 0 100 1 0 -1
601 1 0 0 0 -1 0 -1 99 1 0 -1
0 1 0 0 0 -1 0 -1 99 1 0 -1
0 1 0 0 601 -1 0 -1 99 1 0 -1
0 1 1 0 601 -1 0 -1 99 1 0 -1
0 1 1 0 601 -1 4 -1 99 1 0 -1
