 2147483646 -1 -1 2147483647 -2147483136 -2147483648 2 1073742464 2147483647 0 1 0
 2147483646 -1 -1 2147483647 -2147483136 -2147483648 3 -2147467264 2147483647 0 1 0
 -2147483136 -1 -1 2147483647 -2147483136 -2147483648 1 -2147483648 2147483647 0 1 0
 -2147483136 -1 -1 2147483647 -2147483136 -2147483648 2 1073742464 2147483647 0 1 0
 0 -1 -1 -2147483648 -2147483136 2147483647 0 1073741824 2147483647 0 1 0
 2147483646 -1 -1 -2147483648 -2147483136 2147483647 2 2147483647 1678111360 0 1 0
 -2147483136 -1 -1 -2147483648 -2147483136 2147483647 2 2147483647 1073742464 0 1 0
 2147483646 -1 -1 -2147483648 -2147483136 2147483647 1 2147483647 -1610613478 0 1 0
 -2147483136 -1 -1 -2147483648 -2147483136 2147483647 3 2147483647 -1610613478 0 1 0
 0 -1 -1 2147483647 -2147483136 -2147483648 2 2147483647 -2147483648 0 1 0
 2147483646 -1 -1 2147483647 -2147483136 -2147483648 3 2147483628 2147483647 0 1 -1
 2147483646 -1 -1 2147483647 -2147483136 -2147483648 1 -1071643876 2147483647 0 1 -1
 -2147483136 -1 -1 2147483647 -2147483136 -2147483648 1 -2146435044 2147483647 0 1 -1
 -2147483136 -1 -1 2147483647 -2147483136 -2147483648 0 2147483552 2147483647 0 1 -1
 0 -1 -1 -2147483648 -2147483136 2147483647 0 -100 1073741823 0 1 -1
 2147483646 -1 -1 -2147483648 -2147483136 2147483647 2 2147483295 268436099 0 1 -1
 -2147483136 -1 -1 -2147483648 -2147483136 2147483647 0 1073741727 1073741825 0 1 -1
 2147483646 -1 -1 -2147483648 -2147483136 2147483647 1 2147483551 -2147483646 0 1 -1
 -2147483136 -1 -1 -2147483648 -2147483136 2147483647 1 -105 -1610613478 0 1 -1
 0 -1 -1 2147483647 -2147483136 -2147483648 1 2147483547 -2147483648 0 1 -1
 2147483646 -1 -1 2147483647 -2147483136 -2147483648 2 1073742464 2147483647 0 -2 0
 2147483646 -1 -1 2147483647 -2147483136 -2147483648 1 -2147483648 2147483647 0 -2 0
 -2147483136 -1 -1 2147483647 -2147483136 -2147483648 1 -2147483648 2147483647 0 -2 0
 -2147483136 -1 -1 2147483647 -2147483136 -2147483648 2 1073742464 2147483647 0 -2 0
 0 -1 -1 -2147483648 -2147483136 2147483647 0 1073741824 2147483647 0 -2 0
 2147483646 -1 -1 -2147483648 -2147483136 2147483647 2 2147483647 1107565216 0 -2 0
 -2147483136 -1 -1 -2147483648 -2147483136 2147483647 2 2147483647 1140851328 0 -2 0
 2147483646 -1 -1 -2147483648 -2147483136 2147483647 1 2147483647 -1610613478 0 -2 0
 -2147483136 -1 -1 -2147483648 -2147483136 2147483647 3 2147483647 -1610613478 0 -2 0
 0 -1 -1 2147483647 -2147483136 -2147483648 2 2147483647 -2147483648 0 -2 0
 2147483646 -1 -1 2147483647 -2147483136 -2147483648 3 2147483628 2147483647 0 -2 -1
 2147483646 -1 -1 2147483647 -2147483136 -2147483648 1 -1071643876 2147483647 0 -2 -1
 -2147483136 -1 -1 2147483647 -2147483136 -2147483648 1 -2146435044 2147483647 0 -2 -1
 -2147483136 -1 -1 2147483647 -2147483136 -2147483648 2 2147483584 2147483647 0 -2 -1
 0 -1 -1 -2147483648 -2147483136 2147483647 0 -100 1073741823 0 -2 -1
 2147483646 -1 -1 -2147483648 -2147483136 2147483647 2 2147483295 268569219 0 -2 -1
 -2147483136 -1 -1 -2147483648 -2147483136 2147483647 0 1610612639 1073744785 0 -2 -1
 2147483646 -1 -1 -2147483648 -2147483136 2147483647 0 2147483551 -2147483646 0 -2 -1
 -2147483136 -1 -1 -2147483648 -2147483136 2147483647 1 -105 -1610613478 0 -2 -1
 0 -1 -1 2147483647 -2147483136 -2147483648 1 2147483547 -2147483648 0 -2 -1
 0 -1 0 0 -2147483136 0 0 0 0 -1 1 0
 2147483646 -1 0 2147483647 -2147483136 -2147483648 2 1073742464 2147483647 -1 -2 0
 2147483646 -1 0 2147483647 -2147483136 -2147483648 1 -2147483648 2147483647 -1 -2 0
 -2147483136 -1 0 2147483647 -2147483136 -2147483648 1 -2147483648 2147483647 -1 -2 0
 -2147483136 -1 0 2147483647 -2147483136 -2147483648 2 1073742464 2147483647 -1 -2 0
 0 -1 0 -2147483648 -2147483136 2147483647 0 1073741824 2147483647 -1 -2 0
 2147483646 -1 0 -2147483648 -2147483136 2147483647 2 2147483647 1126374016 -1 -2 0
 -2147483136 -1 0 -2147483648 -2147483136 2147483647 2 2147483647 1140851328 -1 -2 0
 2147483646 -1 0 -2147483648 -2147483136 2147483647 1 2147483647 -1610613478 -1 -2 0
 -2147483136 -1 0 -2147483648 -2147483136 2147483647 3 2147483647 -1610613478 -1 -2 0
 0 -1 0 2147483647 -2147483136 -2147483648 2 2147483647 -2147483648 -1 -2 0
 2147483646 -1 0 2147483647 -2147483136 -2147483648 3 2147483628 2147483647 -1 -2 -1
 2147483646 -1 0 2147483647 -2147483136 -2147483648 1 -536871012 2147483647 -1 -2 -1
 -2147483136 -1 0 2147483647 -2147483136 -2147483648 1 -2146435044 2147483647 -1 -2 -1
 -2147483136 -1 0 2147483647 -2147483136 -2147483648 2 2147483584 2147483647 -1 -2 -1
 0 -1 0 -2147483648 -2147483136 2147483647 0 -100 2147483647 -1 -2 -1
 2147483646 -1 0 -2147483648 -2147483136 2147483647 2 2147483295 134218371 -1 -2 -1
 -2147483136 -1 0 -2147483648 -2147483136 2147483647 0 1073741727 1073741825 -1 -2 -1
 2147483646 -1 0 -2147483648 -2147483136 2147483647 0 -1073741921 -1610613478 -1 -2 -1
 -2147483136 -1 0 -2147483648 -2147483136 2147483647 1 -105 -1610613478 -1 -2 -1
 0 -1 0 2147483647 -2147483136 -2147483648 1 2147483547 -2147483648 -1 -2 -1
 0 0 -1 0 2147483647 0 2 0 0 0 0 0
 0 0 0 0 0 0 0 0 0 0 0 0
 0 0 0 0 0 0 -4 0 0 0 0 0
