0 0 0 0 0 0 0 0 0 0 0 0
0 1 0 0 0 0 0 0 0 0 0 0
0 2 1 0 0 0 0 0 0 0 0 0
0 0 1 0 0 0 0 0 0 0 0 0
0 603 602 0 601 0 0 0 0 0 0 0
0 602 0 0 601 0 0 0 0 0 0 0
0 3 2 0 0 0 0 0 0 0 1 0
0 2 0 0 0 0 0 0 0 0 1 0
0 4 3 0 0 0 0 0 0 2 1 0
0 4 3 0 0 0 0 0 0 0 1 2
0 5 4 0 0 0 0 0 0 0 3 2
0 4 0 0 0 0 0 0 0 0 3 2
0 103 102 0 0 0 0 0 100 0 1 101
0 3 2 0 0 0 0 0 -1 0 1 0
0 104 103 0 0 0 0 0 100 0 102 101
0 4 3 0 0 0 0 0 -1 0 2 0
0 103 0 0 0 0 0 0 100 0 102 101
0 3 0 0 0 0 0 0 -1 0 2 0
0 4 3 0 0 1 0 0 0 0 1 2
0 4 3 1 0 0 0 -100 0 0 1 2
0 3 2 0 0 1 0 1 0 0 1 0
0 3 2 1 0 0 0 0 0 0 1 0
0 5 4 0 0 1 0 0 0 0 3 2
0 5 4 1 0 0 0 -100 0 0 3 2
0 4 3 0 0 1 0 1 0 0 2 0
0 4 3 1 0 0 0 0 0 0 2 0
0 4 0 0 0 1 0 0 0 0 3 2
0 4 0 1 0 0 0 -100 0 0 3 2
0 3 0 0 0 1 0 1 0 0 2 0
0 3 0 1 0 0 0 0 0 0 2 0
650 653 652 1 0 0 0 -100 0 0 1 651
650 652 651 1 0 0 0 0 0 0 1 0
650 654 653 1 0 0 0 -100 0 0 652 651
650 653 652 1 0 0 0 0 0 0 651 0
650 653 0 1 0 0 0 -100 0 0 652 651
650 652 0 1 0 0 0 0 0 0 651 0
650 403 402 0 0 1 0 301 400 0 1 401
650 653 652 1 0 0 0 400 500 0 1 651
650 403 402 0 0 1 0 401 400 0 1 0
650 652 651 1 0 0 0 400 400 0 1 0
650 404 403 0 0 1 0 301 400 0 402 401
650 654 653 1 0 0 0 400 500 0 652 651
650 404 403 0 0 1 0 401 400 0 402 0
650 653 652 1 0 0 0 400 400 0 651 0
650 403 0 0 0 1 0 301 400 0 402 401
650 653 0 1 0 0 0 400 500 0 652 651
650 403 0 0 0 1 0 401 400 0 402 0
650 652 0 1 0 0 0 400 400 0 651 0
650 653 652 0 0 1 0 0 0 0 1 651
0 403 402 0 0 1 0 301 400 0 1 401
0 503 502 1 0 0 0 400 500 0 1 501
650 652 651 0 0 1 0 1 0 0 1 0
0 403 402 0 0 1 0 401 400 0 1 0
0 402 401 1 0 0 0 400 400 0 1 0
650 654 653 0 0 1 0 0 0 0 652 651
0 404 403 0 0 1 0 301 400 0 402 401
0 504 503 1 0 0 0 400 500 0 502 501
650 653 652 0 0 1 0 1 0 0 651 0
0 404 403 0 0 1 0 401 400 0 402 0
0 403 402 1 0 0 0 400 400 0 401 0
650 653 0 0 0 1 0 0 0 0 652 651
0 403 0 0 0 1 0 301 400 0 402 401
0 503 0 1 0 0 0 400 500 0 502 501
650 652 0 0 0 1 0 1 0 0 651 0
0 403 0 0 0 1 0 401 400 0 402 0
0 402 0 1 0 0 0 400 400 0 401 0
