992 1 0 3342 23 4657 1 640 741 0 0 0
940 1 1 203 198 885 0 499 500 0 0 0
886 1 1 1380 305 2806 0 641 739 0 0 0
712 1 1 2545 341 4146 0 641 740 1 0 0
841 1 1 670 226 4140 1 640 740 0 1 1
806 1 0 2197 495 5711 0 401 739 0 0 1
630 1 0 2188 209 2525 0 639 739 0 0 1
1172 1 1 0 590 732 3 745 765 0 2 0
746 1 0 0 391 601 3 837 957 0 2 0
1072 1 1 0 457 603 0 481 759 1 2 1
699 1 0 -1 311 0 1 705 854 2 2 1
607 1 0 603 447 688 -1 787 829 0 2 0
695 1 0 560 0 578 3 807 988 0 2 1
925 1 -1 650 432 655 0 859 891 0 2 0
952 1 0 588 0 774 0 593 639 -1 2 0
1065 1 0 -1 597 582 3 840 881 2 2 0
628 1 0 706 1 976 0 417 652 2 2 1
1258 1 0 897 174 7253 1 629 650 0 0 0
1558 1 0 897 174 7253 2 729 840 0 0 1
765 1 0 300 300 424 0 400 500 1 0 1
1078 1 1 581 567 655 0 637 906 0 1 1