0 0 0 0 0 0 0 0 0 0 0 0
0 0 -1 0 0 0 0 0 0 0 0 0
0 1 -1 0 0 0 0 0 0 0 0 0
601 1 1 0 0 0 0 0 0 0 0 0
601 1 1 0 0 0 1 0 0 0 2 0
601 1 1 1 0 0 0 0 0 0 2 0
601 1 1 1 0 0 0 400 400 0 2 0
601 1 1 1 0 0 1 0 0 0 2 0
601 1 1 1 0 0 1 500 500 0 2 0
601 1 1 1 0 0 2 0 0 0 2 0
601 1 1 1 0 0 2 640 640 0 2 0
601 1 1 1 0 0 3 0 0 0 2 0
601 1 1 1 0 0 3 700 700 0 2 0
601 1 1 1 0 0 0 0 -1 0 2 0
601 1 1 0 0 0 1 0 -1 0 2 0
601 1 1 -1 0 0 0 0 -1 0 2 0
601 1 1 -1 0 0 0 401 400 0 2 0
601 1 1 -1 0 0 1 0 -1 0 2 0
601 1 1 -1 0 0 1 501 500 0 2 0
601 1 1 -1 0 0 2 0 -1 0 2 0
601 1 1 -1 0 0 2 641 640 0 2 0
601 1 1 -1 0 0 3 0 -1 0 2 0
601 1 1 -1 0 0 3 701 700 0 2 0
601 1 1 -1 0 0 0 701 700 0 2 1
601 1 1 0 0 1 0 0 0 0 2 1
601 1 1 0 0 1 1 0 0 0 2 1
601 1 1 0 0 1 1 401 500 0 2 1
601 1 1 0 0 1 2 0 0 0 2 1
601 1 1 0 0 1 2 541 640 0 2 1
601 1 1 0 0 1 3 0 0 0 2 1
601 1 1 0 0 1 3 601 700 0 2 1
601 1 1 0 0 0 0 0 0 0 2 1
601 1 1 0 0 0 1 0 0 0 2 1
601 1 1 0 0 0 0 0 100 0 2 1
601 1 1 0 0 0 1 0 100 0 2 1
601 1 1 0 0 -1 0 0 100 0 2 1
601 1 1 0 0 -1 0 400 500 0 2 1
601 1 1 0 0 -1 1 0 100 0 2 1
601 1 1 0 0 -1 1 500 600 0 2 1
601 1 1 0 0 -1 2 0 100 0 2 1
601 1 1 0 0 -1 2 640 740 0 2 1
601 1 1 0 0 -1 3 0 100 0 2 1
601 1 1 0 0 -1 3 700 800 0 2 1
601 1 1 0 0 -1 0 700 800 0 1 1
601 1 1 0 0 -1 0 0 100 0 1 1
601 1 1 0 0 -1 1 0 100 0 1 1
601 1 1 0 0 -1 1 500 600 0 1 1
601 1 1 0 0 -1 2 0 100 0 1 1
601 1 1 0 0 -1 2 640 740 0 1 1
601 1 1 0 0 -1 3 0 100 0 1 1
601 1 1 0 0 -1 3 700 800 0 1 1
601 1 1 0 0 0 0 0 100 0 1 1
601 1 1 0 0 0 1 0 100 0 1 1
601 1 1 0 0 0 0 0 0 0 1 1
601 1 1 0 0 0 1 0 0 0 1 1
601 1 1 0 0 1 0 0 0 0 1 1
601 1 1 0 0 1 0 301 400 0 1 1
601 1 1 0 0 1 1 0 0 0 1 1
601 1 1 0 0 1 1 401 500 0 1 1
601 1 1 0 0 1 2 0 0 0 1 1
601 1 1 0 0 1 2 541 640 0 1 1
601 1 1 0 0 1 3 0 0 0 1 1
601 1 1 0 0 1 3 601 700 0 1 1
601 1 1 0 0 1 0 601 700 0 1 0
601 1 1 0 0 0 1 0 0 0 1 0
601 1 1 1 0 0 0 0 0 0 1 0
601 1 1 1 0 0 0 400 400 0 1 0
601 1 1 1 0 0 1 0 0 0 1 0
601 1 1 1 0 0 1 500 500 0 1 0
601 1 1 1 0 0 2 0 0 0 1 0
601 1 1 1 0 0 2 640 640 0 1 0
601 1 1 1 0 0 3 0 0 0 1 0
601 1 1 1 0 0 3 700 700 0 1 0
601 1 1 1 0 0 0 0 -1 0 1 0
601 1 1 0 0 0 1 0 -1 0 1 0
601 1 1 -1 0 0 0 0 -1 0 1 0
601 1 1 -1 0 0 0 401 400 0 1 0
601 1 1 -1 0 0 1 0 -1 0 1 0
601 1 1 -1 0 0 1 501 500 0 1 0
601 1 1 -1 0 0 2 0 -1 0 1 0
601 1 1 -1 0 0 2 641 640 0 1 0
601 1 1 -1 0 0 3 0 -1 0 1 0
601 1 1 -1 0 0 3 701 700 0 1 0
601 1 1 -1 0 0 0 701 700 1 1 0
601 1 0 -1 0 0 0 701 700 1 1 0
601 1 0 -1 0 0 0 701 700 1 0 0
601 1 0 -1 0 0 0 0 -1 1 0 0
601 1 0 -1 0 0 1 0 -1 1 0 0
601 1 0 -1 0 0 1 501 500 1 0 0
601 1 0 -1 0 0 2 0 -1 1 0 0
601 1 0 -1 0 0 2 641 640 1 0 0
601 1 0 -1 0 0 3 0 -1 1 0 0
601 1 0 -1 0 0 3 701 700 1 0 0
601 1 0 0 0 0 0 0 -1 1 0 0
601 1 0 0 0 0 1 0 -1 1 0 0
601 1 0 0 0 0 0 0 0 1 0 0
601 1 0 0 0 0 1 0 0 1 0 0
601 1 0 1 0 0 0 0 0 1 0 0
601 1 0 1 0 0 0 400 400 1 0 0
601 1 0 1 0 0 1 0 0 1 0 0
601 1 0 1 0 0 1 500 500 1 0 0
601 1 0 1 0 0 2 0 0 1 0 0
601 1 0 1 0 0 2 640 640 1 0 0
601 1 0 1 0 0 3 0 0 1 0 0
601 1 0 1 0 0 3 700 700 1 0 0
601 1 0 1 0 0 0 700 700 1 0 -1
601 1 0 0 0 0 1 0 0 1 0 -1
601 1 0 0 0 1 0 0 0 1 0 -1
601 1 0 0 0 1 0 301 400 1 0 -1
601 1 0 0 0 1 1 0 0 1 0 -1
601 1 0 0 0 1 1 401 500 1 0 -1
601 1 0 0 0 1 2 0 0 1 0 -1
601 1 0 0 0 1 2 541 640 1 0 -1
601 1 0 0 0 1 3 0 0 1 0 -1
601 1 0 0 0 1 3 601 700 1 0 -1
601 1 0 0 0 1 0 0 100 1 0 -1
601 1 0 0 0 0 1 0 100 1 0 -1
601 1 0 0 0 -1 0 0 100 1 0 -1
601 1 0 0 0 -1 0 400 500 1 0 -1
601 1 0 0 0 -1 1 0 100 1 0 -1
601 1 0 0 0 -1 1 500 600 1 0 -1
601 1 0 0 0 -1 2 0 100 1 0 -1
601 1 0 0 0 -1 2 640 740 1 0 -1
601 1 0 0 0 -1 3 0 100 1 0 -1
601 1 0 0 0 -1 3 700 800 1 0 -1
0 1 0 0 0 -1 0 700 800 1 0 -1
0 1 0 0 601 -1 0 700 800 1 0 -1
0 1 1 0 601 -1 0 700 800 1 0 -1
0 1 1 0 601 -1 4 700 800 1 0 -1
0 1 1 0 601 -1 -1 700 800 1 0 -1
