0 0 0 0 0 0 0 0 0 0 0 0
0 1 0 0 0 0 0 0 0 0 0 0
0 0 1 0 0 0 0 0 0 0 0 0
0 602 1 0 601 0 0 0 0 0 0 0
0 602 0 0 601 0 0 0 0 0 0 0
0 2 1 0 0 0 0 0 0 0 0 0
601 602 0 0 0 0 0 0 0 0 0 0
601 602 0 0 0 0 0 0 0 0 1 0
601 604 0 0 0 0 0 0 0 0 603 602
601 603 0 0 0 0 0 0 -1 0 602 0
601 603 0 1 0 0 0 0 0 0 602 0
601 603 0 1 0 0 0 400 400 0 602 0
601 603 0 0 0 1 0 1 0 0 602 0
601 603 0 0 0 -1 0 1 0 0 602 0
601 603 0 0 0 1 0 401 400 0 602 0
601 604 0 0 0 1 0 0 100 0 603 602
601 604 0 1 0 0 0 -100 0 0 603 602
601 604 0 1 0 0 0 400 500 0 603 602
601 604 0 0 0 1 0 0 0 0 603 602
601 604 0 0 0 -1 0 0 0 0 603 602
601 604 0 0 0 1 0 301 400 0 603 602
601 603 602 0 0 1 0 301 400 0 603 602
601 603 602 0 0 1 0 301 400 0 1 602
601 604 603 0 0 1 0 301 400 0 602 0
601 604 603 0 0 1 0 0 -1 0 602 0
601 604 603 1 0 0 0 0 0 0 602 0
601 604 603 1 0 0 0 400 400 0 602 0
601 604 603 0 0 0 0 0 -1 0 602 0
601 604 603 0 0 -1 0 1 0 0 602 0
601 604 603 0 0 1 0 401 400 0 602 0
601 605 604 0 0 1 0 0 100 0 603 602
601 605 604 1 0 0 0 -100 0 0 603 602
601 605 604 1 0 0 0 400 500 0 603 602
601 605 604 0 0 0 0 0 0 0 603 602
601 605 604 0 0 -1 0 0 0 0 603 602
601 605 604 0 0 1 0 0 0 0 603 602
601 604 603 0 0 1 0 0 0 602 1 602
601 603 602 0 0 1 0 0 0 0 1 0
601 603 602 0 0 1 0 0 -1 0 1 0
601 603 602 1 0 0 0 0 0 0 1 0
601 603 602 1 0 0 0 400 400 0 1 0
601 603 602 0 0 0 0 0 -1 0 1 0
601 603 602 0 0 -1 0 1 0 0 1 0
601 603 602 0 0 1 0 401 400 0 1 0
601 604 603 0 0 1 0 0 100 0 1 602
601 604 603 1 0 0 0 -100 0 0 1 602
601 604 603 1 0 0 0 400 500 0 1 602
601 604 603 0 0 0 0 0 0 0 1 602
601 604 603 0 0 -1 0 0 0 0 1 602
601 604 603 0 0 1 0 0 0 0 1 602
