 2147483647 -1 -1 2147483647 -2147483136 -2147483648 2 1073742464 2147483647 0 1 0
 2147483647 -1 -1 2147483647 -2147483136 -2147483648 3 -2147467264 2147483647 0 1 0
 1073742123 -1 -1 -2147483648 512 2147483647 1 -2147483648 2147483647 0 1 0
 2147483647 -1 -1 -2147483648 -2147483136 2147483647 2 2147483647 1678111360 0 1 0
 2147483647 -1 -1 -2147483648 -2147483136 2147483647 1 2147483647 -1610613478 0 1 0
 2147483647 -1 -1 1157544954 -2147483136 1157544954 2 2147483647 -2147483648 0 1 0
 2147483647 -1 -1 2147483647 -2147483136 -1073741826 1 2147483647 -2147483648 0 1 0
 2147483647 -1 -1 2147483647 -2147483136 -2147483648 3 2147483628 2147483647 0 1 -1
 2147483647 -1 -1 2147483647 -2147483136 -2147483648 1 -1071643876 2147483647 0 1 -1
 811 -1 -1 -2147483648 -2147483136 2147483647 2 -8254564 2147483647 0 1 -1
 2147483647 -1 -1 -2147483648 -2147483136 2147483647 2 2145386399 268436099 0 1 -1
 2147483647 -1 -1 -2147483648 -2147483136 2147483647 1 2147483551 -2147483646 0 1 -1
 2147483647 -1 -1 0 -2147483136 0 2 2147482511 -2147483648 0 1 -1
 2147483647 -1 -1 2080374783 -2147483136 -1711276034 2 2147483551 -2147483648 0 1 -1
 2147483647 -1 -1 2147483647 -2147483136 -2147483648 2 1073742464 2147483647 0 -2 0
 2147483647 -1 -1 2147483647 -2147483136 -2147483648 1 -2147483648 2147483647 0 -2 0
 1073742123 -1 -1 -2147483648 512 2147483647 1 -2147483648 2147483647 0 -2 0
 2147483647 -1 -1 -2147483648 -2147483136 2147483647 2 2147483647 1107565216 0 -2 0
 2147483647 -1 -1 -2147483648 -2147483136 2147483647 1 2147483647 -1610613478 0 -2 0
 2147483647 -1 -1 -1711977467 -2147483136 -1711977467 1 2147483647 -2147483648 0 -2 0
 2147483647 -1 -1 2147483647 -2147483136 -1073741826 1 2147483647 -2147483648 0 -2 0
 2147483647 -1 -1 2147483647 -2147483136 -2147483648 3 2147483628 2147483647 0 -2 -1
 2147483647 -1 -1 2147483647 -2147483136 -2147483648 1 -1071643876 2147483647 0 -2 -1
 268435755 -1 -1 1073741824 -2147483136 2147483647 2 -4194404 2147483647 0 -2 -1
 2147483647 -1 -1 -2147483648 -2147483136 2147483647 2 2147450783 268566530 0 -2 -1
 2147483647 -1 -1 -2147483648 -2147483136 2147483647 0 -1073741921 -1610613478 0 -2 -1
 2147483647 -1 -1 0 -2147483136 0 2 2147482511 -2147483648 0 -2 -1
 2147483647 -1 -1 2147483391 -2147483136 -1879048450 2 -1073741921 -2147483648 0 -2 -1
 2147483647 -1 0 0 -2147483136 0 0 0 0 -1 1 0
 2147483647 -1 0 2147483647 -2147483136 -2147483648 2 1073742464 2147483647 -1 -2 0
 2147483647 -1 0 2147483647 -2147483136 -2147483648 1 -2147483648 2147483647 -1 -2 0
 1073742123 -1 0 -2147483648 512 2147483647 1 -2147483648 2147483647 -1 -2 0
 2147483647 -1 0 -2147483648 -2147483136 2147483647 2 2147483647 1126374016 -1 -2 0
 2147483647 -1 0 -2147483648 -2147483136 2147483647 1 2147483647 -1610613478 -1 -2 0
 2147483647 -1 0 0 -2147483136 0 2 2147483647 -2147483648 -1 -2 0
 2147483647 -1 0 1879048191 -2147483136 -1342177282 1 2147483647 -2147483648 -1 -2 0
 2147483647 -1 0 2147483647 -2147483136 -2147483648 3 2147483628 2147483647 -1 -2 -1
 2147483647 -1 0 2147483647 -2147483136 -2147483648 1 -536871012 2147483647 -1 -2 -1
 134218027 -1 0 -2147483648 -2147483136 2147483647 2 -8257636 2147483647 -1 -2 -1
 2147483647 -1 0 -2147483648 -2147483136 2147483647 2 2147450783 268435457 -1 -2 -1
 2147483647 -1 0 -2147483648 -2147483136 2147483647 0 -1073741921 -1610613478 -1 -2 -1
 2147483647 -1 0 -2147483648 -2147483136 -2147483648 2 2147483315 -2147483648 -1 -2 -1
 2147483647 -1 0 2147352575 -2147483136 -1073872898 2 -1073741921 -2147483648 -1 -2 -1
 -2147483136 0 -1 0 2147483647 0 0 0 0 0 0 0
 0 0 0 0 0 0 0 0 0 0 0 0
 0 0 0 0 0 0 -4 0 0 0 0 0
