0 0 0 0 0 0 0 0 0 0 0 0
0 0 -1 0 0 0 0 0 0 0 0 0
0 1 -1 0 0 0 0 0 0 0 0 0
601 1 1 0 0 0 0 0 0 0 0 0
601 1 1 0 0 0 1 0 0 0 2 0
601 1 1 0 0 1 0 0 0 0 2 0
601 1 1 0 0 1 0 1 0 0 2 0
601 1 1 0 0 1 0 0 0 0 2 1
601 1 1 0 0 1 0 301 400 0 2 1
601 1 1 0 0 1 1 0 0 0 2 1
601 1 1 0 0 1 1 401 500 0 2 1
601 1 1 0 0 1 2 0 0 0 2 1
601 1 1 0 0 1 2 541 640 0 2 1
601 1 1 0 0 1 3 0 0 0 2 1
601 1 1 0 0 1 3 641 740 0 2 1
601 1 1 0 0 1 0 0 100 0 2 1
601 1 1 0 0 0 1 0 100 0 2 1
601 1 1 0 0 -1 0 0 100 0 2 1
601 1 1 0 0 -1 0 400 500 0 2 1
601 1 1 0 0 -1 0 400 500 0 2 0
601 1 1 0 0 -1 1 0 100 0 2 0
601 1 1 0 0 -1 1 500 600 0 2 0
601 1 1 0 0 -1 1 500 600 0 2 1
601 1 1 0 0 -1 2 0 100 0 2 1
601 1 1 0 0 -1 2 640 740 0 2 1
601 1 1 0 0 -1 2 640 740 0 2 0
601 1 1 0 0 -1 3 0 100 0 2 0
601 1 1 0 0 -1 3 740 840 0 2 0
601 1 1 0 0 -1 3 740 840 0 2 1
601 1 1 0 0 -1 0 740 840 0 1 1
601 1 1 0 0 -1 0 400 500 0 1 0
601 1 1 0 0 -1 0 0 100 0 1 0
601 1 1 0 0 -1 1 0 100 0 1 0
601 1 1 0 0 -1 1 500 600 0 1 0
601 1 1 0 0 -1 1 500 600 0 1 1
601 1 1 0 0 -1 2 0 100 0 1 1
601 1 1 0 0 -1 2 640 740 0 1 1
601 1 1 0 0 -1 2 640 740 0 1 0
601 1 1 0 0 -1 3 0 100 0 1 0
601 1 1 0 0 -1 3 740 840 0 1 0
601 1 1 0 0 -1 3 740 840 0 1 1
601 1 1 0 0 0 0 0 100 0 1 1
601 1 1 0 0 0 1 0 100 0 1 1
601 1 1 0 0 0 0 0 0 0 1 1
601 1 1 0 0 0 1 0 0 0 1 1
601 1 1 0 0 1 0 0 0 0 1 1
601 1 1 0 0 1 0 0 0 0 1 0
601 1 1 0 0 1 0 1 0 0 1 0
601 1 1 0 0 1 0 301 400 0 1 0
601 1 1 0 0 1 1 0 0 0 1 0
601 1 1 0 0 1 1 401 500 0 1 0
601 1 1 0 0 1 2 0 0 0 1 0
601 1 1 0 0 1 2 541 640 0 1 0
601 1 1 0 0 1 3 0 0 0 1 0
601 1 1 0 0 1 3 641 740 0 1 0
601 1 1 0 0 1 0 641 740 1 1 0
601 1 0 0 0 1 0 641 740 1 1 0
601 1 0 0 0 1 0 641 740 1 0 0
601 1 0 0 0 1 0 0 0 1 0 0
601 1 0 0 0 1 0 1 0 1 0 0
601 1 0 0 0 1 0 0 0 1 0 -1
601 1 0 0 0 1 1 0 0 1 0 -1
601 1 0 0 0 1 1 401 500 1 0 -1
601 1 0 0 0 1 2 0 0 1 0 -1
601 1 0 0 0 1 2 541 640 1 0 -1
601 1 0 0 0 1 3 0 0 1 0 -1
601 1 0 0 0 1 3 641 740 1 0 -1
601 1 0 0 0 0 0 0 0 1 0 -1
601 1 0 0 0 0 1 0 0 1 0 -1
601 1 0 0 0 0 0 0 100 1 0 -1
601 1 0 0 0 0 1 0 100 1 0 -1
601 1 0 0 0 -1 0 0 100 1 0 -1
601 1 0 0 0 -1 0 400 500 1 0 -1
601 1 0 0 0 -1 0 400 500 1 0 0
601 1 0 0 0 -1 1 0 100 1 0 0
601 1 0 0 0 -1 1 500 600 1 0 0
601 1 0 0 0 -1 1 500 600 1 0 -1
601 1 0 0 0 -1 2 0 100 1 0 -1
601 1 0 0 0 -1 2 640 740 1 0 -1
601 1 0 0 0 -1 2 640 740 1 0 0
601 1 0 0 0 -1 3 0 100 1 0 0
601 1 0 0 0 -1 3 740 840 1 0 0
601 1 0 0 0 -1 3 740 840 1 0 -1
0 1 0 0 0 -1 0 740 840 1 0 -1
0 1 0 0 601 -1 0 740 840 1 0 -1
0 1 1 0 601 -1 0 740 840 1 0 -1
0 1 1 0 601 -1 4 740 840 1 0 -1
0 1 1 0 601 -1 -1 740 840 1 0 -1
