 2147483647 -1 -1 2147483647 -2147483136 -2147483648 3 2147483628 2147483647 0 1 0
 2147483647 -1 -1 2147483647 -2147483136 -2147483648 1 -1071643876 2147483647 0 1 0
 67109163 -1 -1 -2147483648 -2147483136 2147483647 2 -8257636 2147483647 0 1 0
 2147483647 -1 -1 -2147483648 -2147483136 2147483647 2 2147475359 272891905 0 1 0
 2147483647 -1 -1 -2147483648 -2147483136 2147483647 3 2147483551 -2147483646 0 1 0
 2147483647 -1 -1 2147483647 -2147483136 -2147483648 1 2147483547 -2147483648 0 1 0
 2147483647 -1 -1 2147483647 -2147483136 -2147483648 3 2147483628 2147483647 0 -2 0
 2147483647 -1 -1 2147483647 -2147483136 -2147483648 1 -1071643876 2147483647 0 -2 0
 811 -1 -1 -2147483648 -2147483136 2147483647 2 -8254564 2147483647 0 -2 0
 2147483647 -1 -1 -2147483648 -2147483136 2147483647 2 2145386399 268436099 0 -2 0
 2147483647 -1 -1 -2147483648 -2147483136 2147483647 1 2147483551 -2147483646 0 -2 0
 2147483647 -1 -1 2147483647 -2147483136 -2147483648 1 2147483547 -2147483648 0 -2 0
 2147483647 -1 0 0 -2147483136 0 0 0 0 -1 1 0
 2147483647 -1 0 2147483647 -2147483136 -2147483648 3 2147483628 2147483647 -1 -2 0
 2147483647 -1 0 2147483647 -2147483136 -2147483648 1 -1071643876 2147483647 -1 -2 0
 268435755 -1 0 1073741824 -2147483136 2147483647 2 -4194404 2147483647 -1 -2 0
 2147483647 -1 0 -2147483648 -2147483136 2147483647 2 2147450783 268566530 -1 -2 0
 2147483647 -1 0 -2147483648 -2147483136 2147483647 0 -1073741921 -1610613478 -1 -2 0
 2147483647 -1 0 2147483647 -2147483136 -2147483648 1 2147483547 -2147483648 -1 -2 0
 -2147483136 0 -1 0 2147483647 0 0 0 0 0 0 0
 0 0 0 0 0 0 0 0 0 0 0 0
 0 0 0 0 0 0 -4 0 0 0 0 0
