628 1 0 2784 4 3034 3 399 399 1 0 0
608 1 1 3093 528 5892 1 400 400 0 1 0
934 1 0 533 30 545 1 65 165 0 0 1
934 1 0 533 30 545 3 365 365 0 0 0
934 1 0 533 30 545 1 65 165 0 0 1
934 1 0 533 30 545 1 65 165 1 0 1
634 1 0 533 30 545 1 65 165 1 0 1
634 1 0 533 30 545 2 65 165 1 0 1
634 1 0 533 30 545 3 65 165 1 0 1
634 1 0 533 30 545 2 65 165 1 0 1
634 1 0 533 30 545 3 65 165 1 0 1
765 1 0 300 100 424 2 400 500 0 0 1
665 1 0 500 500 624 3 600 600 1 0 0
665 1 0 500 500 624 2 600 600 1 0 0
665 1 1 500 500 624 2 600 600 0 1 0
665 1 1 500 500 624 3 600 600 0 1 0
665 1 1 500 200 624 3 600 600 0 1 0
665 1 1 300 200 624 3 600 600 0 1 0
