958 1 1 2597 574 4253 0 399 400 0 0 1
644 1 1 1986 596 2448 0 741 400 1 0 0
644 1 1 1886 596 2348 0 741 400 1 0 0
958 1 1 2297 574 4253 0 399 400 0 0 1
644 1 1 1986 596 2448 0 741 400 1 0 1
644 1 0 1986 596 2448 0 741 400 1 0 1
644 1 0 1786 596 2448 0 741 400 1 0 1
644 1 0 1786 596 2248 0 741 400 1 0 1
644 1 0 1786 596 2248 0 721 400 1 0 1
624 1 0 1786 596 2248 0 721 400 1 0 1
624 1 0 1786 496 2248 0 721 400 1 0 1
624 1 0 1286 496 2248 0 721 400 1 0 1
624 1 0 1086 496 2248 0 721 400 1 0 1
604 1 0 1086 496 2248 0 721 400 1 0 1
604 1 0 1086 496 1248 0 721 400 1 0 1
604 1 0 1086 396 1248 0 721 400 1 0 1
958 1 0 2597 574 4253 0 399 400 0 0 1
958 1 0 2597 574 4253 0 379 400 0 0 1
958 1 0 2597 574 4253 0 379 400 1 0 1
958 1 0 2597 574 3253 0 379 400 1 0 1
958 1 0 2597 474 3253 0 379 400 1 0 1
958 1 0 2597 474 3253 0 379 400 0 0 1
958 1 1 2597 574 4253 0 399 400 0 0 1
758 1 1 2597 574 4253 0 399 400 0 0 1
1058 1 1 2597 574 4253 0 399 400 0 0 1
1058 1 1 2597 574 3253 0 399 400 0 0 1
1058 1 1 2597 274 3253 0 399 400 0 0 1
1058 1 0 2597 274 3253 0 399 400 0 0 1
1058 1 0 2597 174 3253 0 399 400 0 0 1
1058 1 0 1597 174 3253 0 399 400 0 0 1
1058 1 0 1597 174 4253 0 399 400 0 0 1
1058 1 0 1597 174 7253 0 399 400 0 0 1
604 1 0 1086 496 8248 0 721 400 1 0 1
604 1 0 1086 196 8248 0 721 400 1 0 1
604 1 0 1111 196 8248 0 721 400 1 0 1
604 1 0 1111 196 8248 0 721 400 0 0 0
604 1 0 911 196 8248 0 721 400 0 0 0
604 1 0 911 96 8248 0 721 400 0 0 0
604 1 1 911 96 8248 0 721 400 1 0 1
1058 1 0 1597 174 3253 0 399 400 1 0 1
1058 1 0 597 174 3253 0 399 400 1 0 1
958 1 0 597 174 3253 0 399 400 1 0 1
958 1 0 597 64 3253 0 399 400 1 0 1
958 1 0 497 64 3253 0 399 400 1 0 1
1058 1 0 997 174 7253 0 399 400 0 0 1
1058 1 0 997 174 7253 0 329 400 0 0 1
934 1 1 233 500 335 0 845 400 0 1 1
934 1 1 233 100 335 0 845 400 0 1 1
634 1 1 233 100 335 0 845 400 0 1 1
634 1 1 233 100 335 0 445 400 0 1 1
634 1 1 233 400 335 0 445 400 0 1 1
634 1 1 233 400 235 0 445 400 0 1 1
634 1 1 233 400 234 0 445 400 0 1 1
934 1 0 233 500 335 0 845 400 1 0 1
934 1 0 233 100 335 0 845 400 0 0 1
634 1 0 233 100 335 0 845 400 0 0 1
634 1 0 233 100 335 0 445 400 1 0 1
634 1 0 233 400 335 0 445 400 0 0 1
634 1 0 233 400 235 0 445 400 0 0 1
634 1 0 233 400 234 0 445 400 1 0 1
601 1 0 502 100 602 0 500 400 1 0 0
601 1 0 502 200 602 0 599 400 1 0 1
601 1 0 502 200 602 0 599 400 0 0 1
901 1 0 502 200 602 0 599 400 0 0 0
901 1 1 502 200 602 0 599 400 0 1 0
901 1 1 502 200 503 0 401 400 0 1 0
901 1 1 502 200 503 0 401 400 0 1 1
901 1 1 502 200 503 0 301 400 0 1 1
675 1 0 300 599 424 0 500 400 1 0 1
675 1 0 300 599 424 0 400 400 0 0 1
