 2147483647 -1 -1 2147483647 0 -2147483648 2 536871552 2147483647 0 1 0
 2147483647 -1 -1 2147483647 0 -2147483648 1 -2147483648 2147483647 0 1 0
 1073742123 -1 -1 -2147483648 0 2147483647 2 -2147483648 -1 0 1 0
 2147483647 -1 -1 -2147483648 0 2147483647 0 2147483647 16778128 0 1 0
 2147483647 -1 -1 -2147483648 0 2147483647 3 2147483647 -1610613478 0 1 0
 2147483647 -1 -1 2147483647 0 -2147483648 2 2147483647 -2147483648 0 1 0
 2147483647 -1 -1 2147483647 0 -2147483648 3 2147483588 2147483647 0 1 -1
 2147483647 -1 -1 2147483647 0 -2147483648 1 -2139618532 2147483647 0 1 -1
 67109163 -1 -1 -2147483648 0 2147483647 0 -2147483628 -1 0 1 -1
 2147483647 -1 -1 -2147483648 0 2147483647 2 2147479455 4097 0 1 -1
 2147483647 -1 -1 -2147483648 0 2147483647 3 -101 -1610613478 0 1 -1
 2147483647 -1 -1 2147483647 0 -2147483648 1 2147483423 -2147483648 0 1 -1
 2147483647 -1 -1 2147483647 0 -2147483648 2 536871552 2147483647 0 -2 0
 2147483647 -1 -1 2147483647 0 -2147483648 1 -2147483648 2147483647 0 -2 0
 1073742123 -1 -1 -2147483648 0 2147483647 2 -2147483648 -1 0 -2 0
 2147483647 -1 -1 -2147483648 0 2147483647 0 2147483647 1610614736 0 -2 0
 2147483647 -1 -1 -2147483648 0 2147483647 1 2147483647 -1610613478 0 -2 0
 2147483647 -1 -1 2147483647 0 -2147483648 0 2147483647 -2147483648 0 -2 0
 2147483647 -1 -1 2147483647 0 -2147483648 3 2147483548 2147483647 0 -2 -1
 2147483647 -1 -1 2147483647 0 -2147483648 1 -2139618532 2147483647 0 -2 -1
 67109163 -1 -1 -2147483648 0 2147483647 0 -2147483628 -1 0 -2 -1
 2147483647 -1 -1 -2147483648 0 2147483647 2 2147483543 4325 0 -2 -1
 2147483647 -1 -1 -2147483648 0 2147483647 3 -101 -1610613478 0 -2 -1
 2147483647 -1 -1 2147483647 0 -2147483648 1 2147483423 -2147483648 0 -2 -1
 2147483647 -1 0 0 0 0 0 0 0 -1 1 0
 2147483647 -1 0 2147483647 0 -2147483648 2 536871552 2147483647 -1 -2 0
 2147483647 -1 0 2147483647 0 -2147483648 1 -2147483648 2147483647 -1 -2 0
 1073742123 -1 0 -2147483648 0 2147483647 2 -2147483648 -1 -1 -2 0
 2147483647 -1 0 -2147483648 0 2147483647 0 2147483647 1619009424 -1 -2 0
 2147483647 -1 0 -2147483648 0 2147483647 1 2147483647 -1610613478 -1 -2 0
 2147483647 -1 0 2147483647 0 -2147483648 0 2147483647 -2147483648 -1 -2 0
 2147483647 -1 0 2147483647 0 -2147483648 3 2147483620 2147483647 -1 -2 -1
 2147483647 -1 0 2147483647 0 -2147483648 1 -2139618916 2147483647 -1 -2 -1
 67109163 -1 0 -2147483648 0 2147483647 0 -2147483628 -1 -1 -2 -1
 2147483647 -1 0 -2147483648 0 2147483647 2 1879048191 268435553 -1 -2 -1
 2147483647 -1 0 -2147483648 0 2147483647 3 -105 -1610613478 -1 -2 -1
 2147483647 -1 0 2147483647 0 -2147483648 1 2147483423 -2147483648 -1 -2 -1
 -2147483136 0 -1 0 0 0 2 0 0 0 0 0
 0 0 0 0 0 0 0 0 0 0 0 0
 0 0 0 0 0 0 -4 0 0 0 0 0
