0 0 0 0 0 0 0 0 0 0 0 0
0 0 1 0 0 0 0 0 0 0 0 0
0 1 1 0 0 0 0 0 0 0 0 0
601 602 603 0 0 0 0 0 0 0 0 0
601 602 603 1 0 0 0 0 0 0 604 0
601 602 603 1 0 0 0 400 400 0 604 0
601 602 603 1 0 0 605 0 0 0 604 0
601 602 603 1 0 0 605 -1 0 0 604 0
601 602 603 1 0 0 3 0 0 0 604 0
601 741 742 1 0 0 3 740 740 0 743 0
601 602 603 1 0 0 2 0 0 0 604 0
601 641 642 1 0 0 2 640 640 0 643 0
601 602 603 1 0 0 1 0 0 0 604 0
601 602 603 1 0 0 1 500 500 0 604 0
601 602 603 1 0 0 1 0 -1 0 604 0
601 602 603 -1 0 0 1 0 -1 0 604 0
601 602 603 -1 0 0 1 501 500 0 604 0
601 602 603 -1 0 0 1 502 501 0 604 0
601 602 603 -1 0 0 605 0 -1 0 604 0
601 602 603 -1 0 0 605 1 0 0 604 0
601 602 603 -1 0 0 605 2 1 0 604 0
601 602 603 -1 0 0 3 0 -1 0 604 0
601 742 743 -1 0 0 3 741 740 0 744 0
601 743 744 -1 0 0 3 742 741 0 745 0
601 602 603 -1 0 0 2 0 -1 0 604 0
601 642 643 -1 0 0 2 641 640 0 644 0
601 643 644 -1 0 0 2 642 641 0 645 0
601 602 603 -1 0 0 0 0 -1 0 604 0
601 602 603 -1 0 0 0 401 400 0 604 0
601 602 603 -1 0 0 0 402 401 0 604 0
601 602 603 -1 0 0 0 402 401 0 604 605
601 602 603 0 0 1 0 0 0 0 604 605
601 602 603 0 0 1 0 301 400 0 604 605
601 602 603 0 0 1 606 0 0 0 604 605
601 602 603 0 0 1 606 0 -1 0 604 605
601 602 603 0 0 1 606 0 1 0 604 605
601 602 603 0 0 1 3 0 0 0 604 605
601 741 742 0 0 1 3 641 740 0 743 744
601 742 743 0 0 1 3 642 741 0 744 745
601 602 603 0 0 1 2 0 0 0 604 605
601 641 642 0 0 1 2 541 640 0 643 644
601 642 643 0 0 1 2 542 641 0 644 645
601 602 603 0 0 1 1 0 0 0 604 605
601 602 603 0 0 1 1 401 500 0 604 605
601 602 603 0 0 1 1 402 501 0 604 605
601 602 603 0 0 0 1 0 0 0 604 605
601 602 603 0 0 0 1 0 100 0 604 605
601 602 603 0 0 -1 1 0 100 0 604 605
601 602 603 0 0 -1 1 500 600 0 604 605
601 602 603 0 0 -1 606 0 100 0 604 605
601 602 603 0 0 -1 606 -1 99 0 604 605
601 602 603 0 0 -1 3 0 100 0 604 605
601 841 842 0 0 -1 3 740 840 0 843 844
601 602 603 0 0 -1 2 0 100 0 604 605
601 741 742 0 0 -1 2 640 740 0 743 744
601 602 603 0 0 -1 0 0 100 0 604 605
601 602 603 0 0 -1 0 400 500 0 604 605
601 602 603 0 0 -1 0 400 500 0 1 605
601 602 603 0 0 -1 0 0 100 0 1 604
601 602 603 0 0 -1 605 0 100 0 1 604
601 602 603 0 0 -1 605 -1 99 0 1 604
601 602 603 0 0 -1 3 0 100 0 1 604
601 841 842 0 0 -1 3 740 840 0 1 843
601 602 603 0 0 -1 2 0 100 0 1 604
601 741 742 0 0 -1 2 640 740 0 1 743
601 602 603 0 0 -1 1 0 100 0 1 604
601 602 603 0 0 -1 1 500 600 0 1 604
601 602 603 0 0 0 1 0 100 0 1 604
601 602 603 0 0 0 1 0 0 0 1 604
601 602 603 0 0 1 1 0 0 0 1 604
601 602 603 0 0 1 1 401 500 0 1 604
601 602 603 0 0 1 1 402 501 0 1 604
601 602 603 0 0 1 605 0 0 0 1 604
601 602 603 0 0 1 605 0 -1 0 1 604
601 602 603 0 0 1 605 0 1 0 1 604
601 602 603 0 0 1 3 0 0 0 1 604
601 741 742 0 0 1 3 641 740 0 1 743
601 742 743 0 0 1 3 642 741 0 1 744
601 602 603 0 0 1 2 0 0 0 1 604
601 641 642 0 0 1 2 541 640 0 1 643
601 642 643 0 0 1 2 542 641 0 1 644
601 602 603 0 0 1 0 0 0 0 1 604
601 602 603 0 0 1 0 301 400 0 1 604
601 602 603 0 0 1 0 302 401 0 1 604
601 602 603 0 0 1 0 302 401 0 1 0
601 602 603 1 0 0 0 0 0 0 1 0
601 602 603 1 0 0 0 400 400 0 1 0
601 602 603 1 0 0 604 0 0 0 1 0
601 602 603 1 0 0 604 -1 0 0 1 0
601 602 603 1 0 0 3 0 0 0 1 0
601 741 742 1 0 0 3 740 740 0 1 0
601 602 603 1 0 0 2 0 0 0 1 0
601 641 642 1 0 0 2 640 640 0 1 0
601 602 603 1 0 0 1 0 0 0 1 0
601 602 603 1 0 0 1 500 500 0 1 0
601 602 603 1 0 0 1 0 -1 0 1 0
601 602 603 -1 0 0 1 0 -1 0 1 0
601 602 603 -1 0 0 1 501 500 0 1 0
601 602 603 -1 0 0 1 502 501 0 1 0
601 602 603 -1 0 0 604 0 -1 0 1 0
601 602 603 -1 0 0 604 1 0 0 1 0
601 602 603 -1 0 0 604 2 1 0 1 0
601 602 603 -1 0 0 3 0 -1 0 1 0
601 742 743 -1 0 0 3 741 740 0 1 0
601 743 744 -1 0 0 3 742 741 0 1 0
601 602 603 -1 0 0 2 0 -1 0 1 0
601 642 643 -1 0 0 2 641 640 0 1 0
601 643 644 -1 0 0 2 642 641 0 1 0
601 602 603 -1 0 0 0 0 -1 0 1 0
601 602 603 -1 0 0 0 401 400 0 1 0
601 602 603 -1 0 0 0 402 401 0 1 0
601 602 603 -1 0 0 0 402 401 604 1 0
601 1 0 -1 0 0 0 402 401 604 1 0
601 602 0 -1 0 0 0 402 401 604 603 0
601 602 0 -1 0 0 0 0 -1 604 603 0
601 602 0 -1 0 0 0 401 400 604 603 0
601 602 0 -1 0 0 604 0 -1 604 603 0
601 602 0 -1 0 0 604 1 0 604 603 0
601 602 0 -1 0 0 604 2 1 604 603 0
601 602 0 -1 0 0 3 0 -1 604 603 0
601 742 0 -1 0 0 3 741 740 604 743 0
601 743 0 -1 0 0 3 742 741 604 744 0
601 602 0 -1 0 0 2 0 -1 604 603 0
601 642 0 -1 0 0 2 641 640 604 643 0
601 643 0 -1 0 0 2 642 641 604 644 0
601 602 0 -1 0 0 1 0 -1 604 603 0
601 602 0 -1 0 0 1 501 500 604 603 0
601 602 0 -1 0 0 1 502 501 604 603 0
601 602 0 0 0 0 1 0 -1 604 603 0
601 602 0 0 0 0 1 0 0 604 603 0
601 602 0 1 0 0 1 0 0 604 603 0
601 602 0 1 0 0 1 500 500 604 603 0
601 602 0 1 0 0 604 0 0 604 603 0
601 602 0 1 0 0 604 -1 0 604 603 0
601 602 0 1 0 0 3 0 0 604 603 0
601 741 0 1 0 0 3 740 740 604 742 0
601 602 0 1 0 0 2 0 0 604 603 0
601 641 0 1 0 0 2 640 640 604 642 0
601 602 0 1 0 0 0 0 0 604 603 0
601 602 0 1 0 0 0 400 400 604 603 0
601 602 0 1 0 0 0 400 400 604 603 604
601 602 0 0 0 1 0 0 0 604 603 604
601 602 0 0 0 1 0 301 400 604 603 604
601 602 0 0 0 1 0 302 401 604 603 604
601 602 0 0 0 1 605 0 0 604 603 604
601 602 0 0 0 1 605 0 -1 604 603 604
601 602 0 0 0 1 605 0 1 604 603 604
601 602 0 0 0 1 3 0 0 604 603 604
601 741 0 0 0 1 3 641 740 604 742 743
601 742 0 0 0 1 3 642 741 604 743 744
601 602 0 0 0 1 2 0 0 604 603 604
601 641 0 0 0 1 2 541 640 604 642 643
601 642 0 0 0 1 2 542 641 604 643 644
601 602 0 0 0 1 1 0 0 604 603 604
601 602 0 0 0 1 1 401 500 604 603 604
601 602 0 0 0 1 1 402 501 604 603 604
601 602 0 0 0 1 1 0 100 604 603 604
601 602 0 0 0 -1 1 0 100 604 603 604
601 602 0 0 0 -1 1 500 600 604 603 604
601 602 0 0 0 -1 605 0 100 604 603 604
601 602 0 0 0 -1 605 -1 99 604 603 604
601 602 0 0 0 -1 3 0 100 604 603 604
601 841 0 0 0 -1 3 740 840 604 842 843
601 602 0 0 0 -1 2 0 100 604 603 604
601 741 0 0 0 -1 2 640 740 604 742 743
601 602 0 0 0 -1 0 0 100 604 603 604
601 602 0 0 0 -1 0 400 500 604 603 604
0 1 0 0 0 -1 0 400 500 604 603 604
0 602 0 0 601 -1 0 400 500 604 603 604
0 602 603 0 601 -1 0 400 500 604 603 604