 2147483647 -1 -1 2147483647 -2147483136 -2147483648 2 1073742464 2147483647 0 1 0
 2147483647 -1 -1 2147483647 -2147483136 -2147483648 3 -2147483648 2147483647 0 1 0
 268435755 -1 -1 -2147483648 -2147483136 2147483647 1 -2147483648 2147483647 0 1 0
 2147483647 -1 -1 -2147483648 -2147483136 2147483647 3 2147483647 1224786676 0 1 0
 2147483647 -1 -1 -2147483648 -2147483136 2147483647 1 2147483647 -1610613478 0 1 0
 2147483647 -1 -1 2147483647 -2147483136 -2147483648 2 2147483647 -2147483648 0 1 0
 2147483647 -1 -1 2147483647 -2147483136 -2147483648 2 1073742464 2147483647 0 1 -1
 2147483647 -1 -1 2147483647 -2147483136 -2147483648 1 -1879308388 2147483647 0 1 -1
 67109163 -1 -1 -2147483648 -2147483136 2147483647 2 -1879572532 2147483647 0 1 -1
 2147483647 -1 -1 -2147483648 -2147483136 2147483647 2 2147483543 301990529 0 1 -1
 2147483647 -1 -1 -2147483648 -2147483136 2147483647 1 2147483551 -2147483646 0 1 -1
 2147483647 -1 -1 2147483647 -2147483136 -2147483648 0 2147483547 -2147483648 0 1 -1
 2147483647 -1 -1 2147483647 -2147483136 -2147483648 2 1073742464 2147483647 0 -2 0
 2147483647 -1 -1 2147483647 -2147483136 -2147483648 1 -2147483648 2147483647 0 -2 0
 536871211 -1 -1 -2147483648 -2147483136 2147483647 1 -2147483648 2147483647 0 -2 0
 2147483647 -1 -1 -2147483648 -2147483136 2147483647 3 2147483647 1526751972 0 -2 0
 2147483647 -1 -1 -2147483648 -2147483136 2147483647 1 2147483647 -1610613478 0 -2 0
 2147483647 -1 -1 2147483647 -2147483136 -2147483648 2 2147483647 -2147483648 0 -2 0
 2147483647 -1 -1 2147483647 -2147483136 -2147483648 2 1073742464 2147483647 0 -2 -1
 2147483647 -1 -1 2147483647 -2147483136 -2147483648 1 -1879308388 2147483647 0 -2 -1
 67109163 -1 -1 0 -2147483136 1073741823 2 -1879572532 2147483647 0 -2 -1
 2147483647 -1 -1 -2147483648 -2147483136 2147483647 2 2147483543 301990529 0 -2 -1
 2147483647 -1 -1 -2147483648 -2147483136 2147483647 1 -1073741921 -1610613478 0 -2 -1
 2147483647 -1 -1 2147483647 -2147483136 -2147483648 0 2147483547 -2147483648 0 -2 -1
 2147483647 -1 0 0 -2147483136 0 0 0 0 -1 1 0
 2147483647 -1 0 2147483647 -2147483136 -2147483648 2 1073742464 2147483647 -1 -2 0
 2147483647 -1 0 2147483647 -2147483136 -2147483648 3 -2147483648 2147483647 -1 -2 0
 536871211 -1 0 -2147483648 -2147483136 2147483647 1 -2147483648 2147483647 -1 -2 0
 2147483647 -1 0 -2147483648 -2147483136 2147483647 3 2147483647 1291921124 -1 -2 0
 2147483647 -1 0 -2147483648 -2147483136 2147483647 1 2147483647 -1610613478 -1 -2 0
 2147483647 -1 0 2147483647 -2147483136 -2147483648 2 2147483647 -2147483648 -1 -2 0
 2147483647 -1 0 2147483647 -2147483136 -2147483648 2 1073742464 2147483647 -1 -2 -1
 2147483647 -1 0 2147483647 -2147483136 -2147483648 1 -1342177380 2147483647 -1 -2 -1
 536871211 -1 0 -2147483648 -2147483136 2147483647 2 -1883766836 2147483647 -1 -2 -1
 2147483647 -1 0 -2147483648 -2147483136 2147483647 2 2147483543 301990529 -1 -2 -1
 2147483647 -1 0 -2147483648 -2147483136 2147483647 0 -1073741921 -1610613478 -1 -2 -1
 2147483647 -1 0 2147483647 -2147483136 -2147483648 0 2147483547 -2147483648 -1 -2 -1
 -2147483136 0 -1 0 2147483647 0 0 0 0 0 0 0
 0 0 0 0 0 0 0 0 0 0 0 0
 0 0 0 0 0 0 -4 0 0 0 0 0
