976 1 1 5378 390 1000 2 641 741 1 0 0
653 1 0 432 67 203 0 401 401 1 0 0
753 1 0 3203 448 1667 0 501 641 0 0 0
866 1 1 5987 18 2595 1 639 639 0 0 0
990 1 1 3490 323 281 2 640 741 0 0 1
927 1 0 4902 351 2093 0 739 740 1 0 0
893 1 0 5078 256 3944 1 500 641 0 0 1
694 1 1 3238 81 1642 1 500 739 0 0 0
785 1 0 2740 421 162 3 741 741 1 0 0
722 1 1 1415 245 316 0 401 739 0 0 1
681 1 0 614 482 0 0 707 757 0 2 0
868 1 1 731 361 699 1 672 690 0 2 0
854 1 0 687 426 684 1 623 744 3 2 1
1184 1 1 4983 523 689 0 653 938 0 1 1
1073 1 1 2223 379 752 0 435 438 2 2 0
1058 1 0 707 0 703 0 901 906 0 2 0
1022 1 0 716 503 -1 1 629 815 0 2 1
1113 1 0 7965 430 596 1 820 876 0 2 0
1155 1 0 603 349 514 3 816 863 1 2 0
909 1 0 575 444 -100 1 523 981 0 2 0
1119 1 1 586 386 221 2 830 979 0 2 0
675 -1 0 656 506 655 0 564 590 0 2 0
1129 1 0 665 586 225 2 785 973 0 2 0
657 1 0 666 0 613 0 840 976 0 2 0
1136 1 0 600 151 0 2 699 867 0 2 1
819 1 1 9386 518 775 1 707 726 2 2 0
757 1 1 692 581 640 1 840 841 1 2 0
935 1 0 4528 388 0 0 853 956 0 2 0
1062 1 1 1941 575 682 3 872 880 1 2 0
700 1 0 575 415 -1 0 795 796 2 2 0
698 1 0 3071 59 307 0 849 904 0 2 0
722 1 1 1415 245 316 0 401 739 0 0 0
722 1 1 1415 275 316 0 401 799 0 0 0
927 1 1 4902 351 2093 0 739 740 1 0 0
927 1 1 4702 251 1093 0 739 740 1 0 0
653 1 0 3203 448 1267 0 541 641 0 0 0
653 1 0 3203 448 1267 0 541 641 1 0 0
653 1 0 632 167 203 0 401 401 1 0 0
698 1 0 3071 59 307 0 849 904 1 2 0
698 1 0 2071 59 307 0 849 904 1 2 0
698 1 0 2071 49 307 0 849 904 1 2 0
798 1 0 2071 49 307 0 849 904 1 2 0
798 1 1 2071 49 307 0 849 904 1 2 0
700 1 0 575 415 1 0 795 796 2 2 0
700 1 1 575 415 1 0 795 796 2 2 0
700 1 1 575 415 1 0 795 796 1 2 0
700 1 1 275 415 1 0 795 796 1 2 0
700 1 1 275 415 1 0 695 796 1 2 0
800 1 1 275 415 1 0 695 796 1 2 0
1062 1 0 1941 575 682 3 872 880 1 2 0
1062 1 0 1941 545 582 3 872 880 1 2 0
1062 1 0 1941 545 582 2 872 880 1 2 0
1062 1 0 1941 545 582 2 772 880 1 2 0
1062 1 0 1941 545 582 2 772 780 1 2 0
1062 1 1 1941 545 582 2 772 780 1 2 0
1062 1 0 1941 445 582 2 772 780 1 2 0
1062 1 0 1241 445 582 2 772 780 1 2 0
1062 1 0 1241 445 582 2 712 780 1 2 0
935 1 0 3528 388 0 0 853 956 0 2 0
935 1 0 3528 288 0 0 853 956 0 2 0
935 1 1 3528 288 0 0 853 956 0 2 0
935 1 1 3528 288 0 0 853 956 1 2 0
935 1 1 2528 288 0 0 853 956 1 2 0
757 1 0 692 581 640 1 840 841 1 2 0
757 1 0 692 581 640 1 840 841 0 2 0
757 1 1 692 481 640 1 840 841 0 2 0
757 1 1 692 481 640 2 840 841 1 2 0
757 1 1 692 481 640 2 840 891 1 2 0
1034 1 0 433 200 245 0 565 765 0 0 1
1034 1 0 433 200 245 0 565 665 0 0 1
1034 1 0 433 200 245 0 565 665 1 0 1
1034 1 0 433 200 245 1 565 665 0 0 1
634 1 0 433 200 245 1 565 795 0 0 1
634 1 0 433 200 245 1 565 795 1 0 1
634 1 1 433 200 245 1 565 795 1 0 1
634 1 0 633 200 535 1 565 795 0 0 1
634 1 0 633 200 535 2 665 795 0 0 1
634 1 0 633 200 535 2 665 795 1 0 1
634 1 1 633 200 535 1 565 795 0 1 1
634 1 1 633 200 535 0 565 795 0 1 1
634 1 1 633 200 535 2 665 795 0 1 1
634 1 1 633 200 535 3 765 995 0 1 1
634 1 0 633 200 535 0 565 795 1 0 1
634 1 0 633 300 535 0 665 795 0 0 1
634 1 1 633 300 535 0 665 795 0 1 1
634 1 1 633 100 535 0 665 795 0 1 1
634 1 1 633 100 535 0 665 795 0 1 0
634 1 0 633 100 535 0 665 795 1 0 0
634 1 0 633 500 535 0 665 795 1 0 0
634 1 0 633 500 335 0 665 795 1 0 0
634 1 0 633 300 535 2 665 795 0 0 1
634 1 1 633 300 535 2 665 795 0 1 1
634 1 1 633 100 535 2 665 795 0 1 1
634 1 1 633 100 535 2 665 795 0 1 0
634 1 0 633 100 535 2 665 795 1 0 0
634 1 0 633 500 535 2 665 795 1 0 0
634 1 0 633 500 335 2 665 795 1 0 0
934 1 0 433 400 234 0 445 550 1 0 1
934 1 1 433 400 234 0 445 550 0 1 1
934 1 1 433 400 234 0 445 550 0 1 0
634 1 1 433 500 234 0 445 550 0 1 1
634 1 0 433 500 234 0 445 550 1 0 1
634 1 0 433 500 334 0 445 550 1 0 1
634 1 0 633 200 535 1 565 795 1 0 1
634 1 0 633 300 535 1 665 795 0 0 1
634 1 1 633 300 535 1 665 795 0 1 1
634 1 1 633 100 535 1 665 795 0 1 1
634 1 1 633 100 535 1 665 795 0 1 0
634 1 0 633 100 535 1 665 795 1 0 0
634 1 0 633 500 535 1 665 795 1 0 0
634 1 0 633 500 335 1 665 795 1 0 0
934 1 0 433 400 234 0 445 550 1 0 0
934 1 0 433 200 234 0 445 550 1 0 0
934 1 0 433 200 234 0 445 550 0 0 0
634 1 0 633 500 335 1 665 795 1 0 1
634 1 0 633 500 335 2 665 795 1 0 1
634 1 1 633 500 335 2 665 795 1 0 1
634 1 1 633 500 335 2 665 795 0 1 1
634 1 1 633 500 335 0 665 795 0 1 1
634 1 1 733 500 335 0 665 795 0 1 1
