0 0 0 0 0 0 0 0 0 0 0 0
0 0 -1 0 0 0 0 0 0 0 0 0
0 1 -1 0 0 0 0 0 0 0 0 0
601 1 1 0 0 0 0 0 0 0 0 0
601 1 1 0 0 -1 0 0 0 0 2 0
601 1 1 0 0 -1 0 400 400 0 2 0
601 1 1 0 0 0 0 0 -1 0 2 0
601 1 1 0 0 1 0 0 0 0 2 0
601 1 1 0 0 1 0 1 0 0 2 0
601 1 1 0 0 1 0 400 400 0 2 0
601 1 1 0 0 1 0 401 400 0 2 0
601 1 1 0 0 1 0 0 1 0 2 0
601 1 1 0 0 -1 0 0 1 0 2 0
601 1 1 0 0 -1 0 400 401 0 2 0
601 1 1 0 0 -1 0 400 401 0 2 1
601 1 1 0 0 0 0 0 100 0 2 1
601 1 1 1 0 0 0 0 100 0 2 1
601 1 1 1 0 0 0 400 500 0 2 1
601 1 1 0 0 1 0 0 0 0 2 1
601 1 1 0 0 1 0 -100 0 0 2 1
601 1 1 0 0 1 0 300 400 0 2 1
601 1 1 0 0 1 0 301 400 0 2 1
601 1 1 0 0 1 0 0 101 0 2 1
601 1 1 0 0 -1 0 0 101 0 2 1
601 1 1 0 0 -1 0 400 501 0 2 1
601 1 1 0 0 -1 0 400 501 0 1 1
601 1 1 0 0 -1 0 0 101 0 1 1
601 1 1 0 0 0 0 0 101 0 1 1
601 1 1 0 0 0 0 0 0 0 1 1
601 1 1 0 0 0 0 0 100 0 1 1
601 1 1 1 0 0 0 0 100 0 1 1
601 1 1 1 0 0 0 400 500 0 1 1
601 1 1 0 0 1 0 0 0 0 1 1
601 1 1 0 0 1 0 -100 0 0 1 1
601 1 1 0 0 1 0 300 400 0 1 1
601 1 1 0 0 1 0 301 400 0 1 1
601 1 1 0 0 1 0 301 400 0 1 0
601 1 1 0 0 -1 0 0 1 0 1 0
601 1 1 0 0 -1 0 400 401 0 1 0
601 1 1 0 0 -1 0 0 0 0 1 0
601 1 1 0 0 -1 0 400 400 0 1 0
601 1 1 0 0 0 0 0 0 0 1 0
601 1 1 0 0 0 0 0 -1 0 1 0
601 1 1 0 0 1 0 0 0 0 1 0
601 1 1 0 0 1 0 1 0 0 1 0
601 1 1 0 0 1 0 400 400 0 1 0
601 1 1 0 0 1 0 401 400 0 1 0
601 1 1 0 0 1 0 401 400 1 1 0
601 1 0 0 0 1 0 401 400 1 1 0
601 1 0 0 0 1 0 401 400 1 0 0
601 1 0 0 0 1 0 400 400 1 0 0
601 1 0 0 0 1 0 0 0 1 0 0
601 1 0 0 0 1 0 1 0 1 0 0
601 1 0 0 0 0 0 0 0 1 0 0
601 1 0 0 0 -1 0 0 0 1 0 0
601 1 0 0 0 -1 0 400 400 1 0 0
601 1 0 0 0 0 0 0 -1 1 0 0
601 1 0 0 0 0 0 0 1 1 0 0
601 1 0 0 0 -1 0 0 1 1 0 0
601 1 0 0 0 -1 0 400 401 1 0 0
601 1 0 0 0 -1 0 400 401 1 0 -1
601 1 0 0 0 0 0 0 100 1 0 -1
601 1 0 1 0 0 0 0 100 1 0 -1
601 1 0 1 0 0 0 400 500 1 0 -1
601 1 0 0 0 1 0 0 0 1 0 -1
601 1 0 0 0 1 0 -100 0 1 0 -1
601 1 0 0 0 1 0 300 400 1 0 -1
601 1 0 0 0 1 0 301 400 1 0 -1
601 1 0 0 0 1 0 0 101 1 0 -1
601 1 0 0 0 -1 0 0 101 1 0 -1
601 1 0 0 0 -1 0 400 501 1 0 -1
0 1 0 0 0 -1 0 400 501 1 0 -1
0 1 0 0 601 -1 0 400 501 1 0 -1
0 1 1 0 601 -1 0 400 501 1 0 -1
0 1 1 0 601 -1 4 400 501 1 0 -1
