 2147483647 -1 -1 2147483647 -2147483136 -2147483648 1 1073742234 2147483647 0 1 0
 2147483647 -1 -1 2147483647 -2147483136 -2147483648 1 -1610613478 2147483647 0 1 0
 1073742123 -1 -1 -2147483648 -2147483136 2147483647 2 -2147483648 2147483647 0 1 0
 2147483647 -1 -1 -2147483648 -2147483136 2147483647 2 1077936769 1077936769 0 1 0
 2147483647 -1 -1 -2147483648 -2147483136 2147483647 2 1610744449 1073742464 0 1 0
 2147483647 -1 -1 -2147483648 -2147483136 2147483647 3 -587825023 -587825023 0 1 0
 2147483647 -1 -1 -2147483648 -2147483136 2147483647 3 1207960703 -2147483648 0 1 0
 2147483647 -1 -1 2147295231 -2147483136 1066475518 3 -16693704 -16693704 0 1 0
 2147483647 -1 -1 2147483647 -2147483136 -1073741826 2 1342177920 1342177920 0 1 0
 2147483647 -1 -1 -2147483648 -2147483136 -2147483648 0 -2147483648 -2147483648 0 1 0
 2147483647 -1 -1 2147483647 -2147483136 -2147483648 2 -2092890111 -2097084416 0 1 0
 2147483647 -1 -1 2147483647 -2147483136 -2147483648 1 2147483544 2147483647 0 1 -1
 2147483647 -1 -1 2147483647 -2147483136 -2147483648 3 -102 2147483647 0 1 -1
 1323 -1 -1 -2147483648 -2147483136 2147483647 0 -104 2147483647 0 1 -1
 2147483647 -1 -5 -1073741824 0 2147483647 2 305147534 305147634 0 1 -1
 2147483647 -1 -1 -2147483648 -2147483136 2147483647 1 2147483547 2549 0 1 -1
 2138030079 -16385 -513 -1879048188 128 2147483647 2 -44 56 0 1 -1
 2147483647 -1 -1 -2147483648 -2147483136 2147483647 1 2147483545 -1073741828 0 1 -1
 2147483647 -1 -1 2147483647 -2147483136 -1073741826 2 -100 0 0 1 -1
 2080374719 -1 -1 1273456631 -2147483104 -1954200362 2 427818908 427819008 0 1 -1
 2147483647 -1 -1 0 -2147483136 0 2 -100 0 0 1 -1
 2147483647 -1 -1 2147483647 -2147483136 -2147483648 0 2147483533 -1209024560 0 1 -1
 2147483647 -1 -1 2147483647 -2147483136 -2147483648 1 1077936528 2147483647 0 -2 0
 2147483647 -1 -1 2147483647 -2147483136 -2147483648 1 -1610613478 2147483647 0 -2 0
 1073742123 -1 -1 -2147483648 -2147483136 2147483647 2 -2147483648 2147483647 0 -2 0
 2147483647 -1 -1 -2147483648 -2147483136 2147483647 2 1073742465 1073742465 0 -2 0
 2147483647 -1 -1 -2147483648 -2147483136 2147483647 2 1610744449 1073742464 0 -2 0
 2147483647 -1 -1 -2147483648 0 2147483647 3 322 322 0 -2 0
 2147483647 -1 -1 -2147483648 -2147483136 2147483647 3 1073752301 -2147483648 0 -2 0
 2147483647 -1 -1 2146219775 -2147483136 -1346099458 1 -1086320734 -1086320734 0 -2 0
 2147483647 -1 -1 2147483647 -2147483136 -1073741826 2 1342179968 1342179968 0 -2 0
 2147483647 -1 -1 -2147483648 -2147483136 -2147483648 0 -2147483646 -2147483646 0 -2 0
 2147483647 -1 -1 2147483647 -2147483136 -2147483648 2 1073809409 -2147416064 0 -2 0
 2147483647 -1 -1 2147483647 -2147483136 -2147483648 1 2147483546 2147483647 0 -2 -1
 2147483647 -1 -1 2147483647 -2147483136 -2147483648 3 -102 2147483647 0 -2 -1
 811 -1 -1 -2147483648 -2147483136 2147483647 0 -104 2147483647 0 -2 -1
 2147483647 -1 -1 -2147483648 -2147483136 2147483647 2 707 807 0 -2 -1
 2147483647 -1 -1 -2147483648 -2147483136 2147483647 1 2147483545 2545 0 -2 -1
 2147483647 -1 -1 -2147483648 -2147483136 2147483647 3 -17 83 0 -2 -1
 2147483647 -1 -1 -2147483648 -2147483136 2147483647 1 2147483545 -1073741828 0 -2 -1
 2147483647 -1 -1 2147483647 -2147483136 -1073741826 1 -100 0 0 -2 -1
 2147483647 -1 -1 1744830457 -2147483136 -2013265928 2 2147483520 2147483620 0 -2 -1
 2147483647 -1 -1 0 -2147483136 0 2 -100 0 0 -2 -1
 2147483647 -1 -1 2147483647 -2147483136 -2147483648 0 2147483533 -1209024560 0 -2 -1
 2147483647 -1 0 0 -2147483136 0 0 0 0 -1 1 0
 2147483647 -1 0 2147483647 -2147483136 -2147483648 1 1081082256 2147483647 -1 -2 0
 2147483647 -1 0 2147483647 -2147483136 -2147483648 1 -1610613478 2147483647 -1 -2 0
 1073742123 -1 0 -2147483648 -2147483136 2147483647 2 -2147483648 2147483647 -1 -2 0
 2147483647 -1 0 -2147483648 -2147483136 2147483647 2 1073742465 1073742465 -1 -2 0
 2147483647 -1 0 -2147483648 -2147483136 2147483647 2 1610744449 1073742464 -1 -2 0
 2147483647 -1 0 -2147483648 -2147483136 2147483647 3 593 593 -1 -2 0
 2147483647 -1 0 -2147483648 0 2147483647 3 1141378009 -2147483648 -1 -2 0
 2147483647 -1 0 -738301057 -2147483136 -1812182658 0 -251729157 -251729157 -1 -2 0
 2147483647 -1 0 2147483647 -2147483136 -1073741826 2 1342179968 1342179968 -1 -2 0
 2147483647 -1 0 -2147483648 -2147483136 -2147483648 0 -2147482110 -2147482110 -1 -2 0
 2147483647 -1 0 2147483647 -2147483136 -2147483648 2 1073809409 -2147416064 -1 -2 0
 2147483647 -1 0 2147483647 -2147483136 -2147483648 0 2147483604 2147483647 -1 -2 -1
 2147483647 -1 0 2147483647 -2147483136 -2147483648 3 -102 2147483647 -1 -2 -1
 1073742123 -1 0 -2147483648 -2147483136 2147483647 2 -104 2147483647 -1 -2 -1
 2147483647 -1 0 -2147483648 -2147483136 2147483647 2 841482144 841482244 -1 -2 -1
 2147483647 -1 0 -2147483648 -2147483136 2147483647 1 2147483545 2545 -1 -2 -1
 2147475455 -17825793 0 -2147483648 -2139094528 2147483647 2 -22622846 -22622746 -3 -2 -1
 2147483647 -1 0 -2147483648 -2147483136 2147483647 1 2147483545 -1073741828 -1 -2 -1
 2147483647 -1 0 2147483647 -2147483136 -1073741826 1 -100 0 -1 -2 -1
 2080374783 -1 0 2002779067 -2130705920 -1558202350 0 1073741773 1073741873 -1 2147483646 -1048577
 2147483647 -1 0 0 -2147483136 0 2 2147483550 -2147483646 -1 -2 -1
 2147483647 -1 0 2147483647 -2147483136 -2147483648 0 2147482525 -1074807808 -1 -2 -1
 -2147483136 0 -1 0 2147483647 0 0 0 0 0 0 0
 0 0 0 0 0 0 0 0 0 0 0 0
 0 0 0 0 0 0 -4 0 0 0 0 0
